2.46584 0.448202 -194.032 -0.0139714 0.000375187 -0.999542 0.026854 0.999279 0 0.999542 -0.0268417 -0.0139714 0 
2.20303 0.953343 -175.23 -0.00402955 8.671e-005 -0.99976 0.0215185 0.999537 0 0.99976 -0.0215134 -0.00402955 -32641 
2.07887 1.61638 -144.425 0.024707 -3.87868e-005 -0.999694 0.00156987 0.999998 0 0.999694 -0.00156939 0.024707 -32641 
3.22635 1.68929 -97.9958 0.00349067 -3.59491e-006 -0.999993 0.00102986 0.999999 0 0.999993 -0.00102986 0.00349067 -32641 
3.38823 1.73705 -51.621 0.0287288 -9.46514e-006 -0.999587 0.000329465 1 0 0.999587 -0.000329329 0.0287288 -32641 
4.95866 1.75506 3.02045 -0.07645 3.08007e-005 -0.997073 0.000402887 1 0 0.997073 -0.000401708 -0.07645 -32641 
0.387442 1.77915 62.639 0.00228686 -5.44852e-007 -0.999997 0.000238253 1 0 0.999997 -0.000238252 0.00228686 -32641 
0.546105 1.79568 132.019 -0.0253363 -2.38246e-006 -0.999679 -9.40334e-005 1 0 0.999679 9.40032e-005 -0.0253363 -32641 
-1.0894 1.78961 196.55 -0.0484577 3.96759e-006 -0.998825 8.18774e-005 1 0 0.998825 -8.17812e-005 -0.0484577 -32641 
-4.90668 1.79606 275.233 -0.0493664 6.76276e-006 -0.998781 0.000136991 1 0 0.998781 -0.000136824 -0.0493664 -32641 
-8.76977 1.80678 353.391 -0.195436 7.2557e-006 -0.980716 3.71256e-005 1 0 0.980716 -3.64097e-005 -0.195436 -32641 
-23.7203 1.80962 428.414 -0.441499 -0.00815043 -0.897072 -0.0184608 0.999659 0 0.897072 0.0165607 -0.441499 -32641 
-56.2124 0.450996 494.434 -0.595927 -0.00143193 -0.803035 -0.00240286 0.999994 0 0.803035 0.00192958 -0.595927 -32641 
-81.0176 0.350978 527.86 -0.768768 -0.000545818 -0.639527 -0.00070999 0.999999 0 0.639527 0.000454058 -0.768768 0 
-123.622 0.311631 563.302 -0.957344 0.000646019 -0.288948 0.000674803 0.999999 0 0.288948 -0.000194983 -0.957344 -32641 
-192.212 0.359978 584.004 -0.977096 -0.000786281 -0.212799 -0.000804713 0.999999 0 0.212799 0.000171242 -0.977096 -32641 
-233.431 0.326031 592.981 -0.987853 -0.000304954 -0.155391 -0.000308704 1 0 0.155391 4.79699e-005 -0.987853 0 
-302.311 0.304506 603.816 -0.997495 0.0340672 -0.0619459 0.0341527 0.998834 0 0.0619459 -0.00211562 -0.997495 -32641 
-346.384 1.8135 606.553 -0.998844 0.000118245 0.0480737 0.000118382 1 0 -0.0480737 5.69105e-006 -0.998844 -32641 
-421.14 1.82236 602.955 -0.99994 -9.34266e-005 -0.0109197 -9.34321e-005 1 0 0.0109197 1.02025e-006 -0.99994 -32641 
-506.117 1.81442 603.883 -0.998912 -2.49873e-005 -0.0466275 -2.50145e-005 1 0 0.0466275 1.16636e-006 -0.998912 -32641 
-584.783 1.81245 607.555 -0.987462 6.93095e-005 -0.157854 7.01895e-005 1 0 0.157854 -1.10797e-005 -0.987462 -32641 
SPLIT
3 
-665.817 1.81821 620.509 -0.964941 7.4161e-005 -0.262466 7.68554e-005 1 0 0.262466 -2.01719e-005 -0.964941 -32641 
-751.695 1.82505 643.868 -0.982603 -0.000183166 -0.185719 -0.000186409 1 0 0.185719 3.46197e-005 -0.982603 -32641 
-835.771 1.8091 659.759 -0.98608 0.000373071 0.166269 0.000378337 1 0 -0.166269 6.29058e-005 -0.98608 -32641 
-897.307 1.83271 649.383 -0.956505 -0.000167176 0.291717 -0.000174778 1 0 -0.291717 -5.09859e-005 -0.956505 -32641 
-979.397 1.81771 624.347 -0.990742 -0.0217462 0.133975 -0.0219494 0.999518 0 -0.133975 -0.00294067 -0.990742 -32641 
-1047.12 0.317336 615.189 -0.992138 0.0179969 0.123829 0.0181395 0.999671 0 -0.123829 0.00224619 -0.992138 -32641 
-1129.75 1.82808 604.876 -0.998671 -0.000140378 0.0515314 -0.000140564 1 0 -0.0515314 -7.24348e-006 -0.998671 -32641 
CONVERGE
-607.624 0.319212 599.034 -0.979392 8.27869e-006 0.201969 8.45289e-006 1 0 -0.201969 1.70722e-006 -0.979392 0 
-637.403 0.319469 592.893 -0.958622 -7.08252e-005 0.284684 -7.38823e-005 1 0 -0.284684 -2.10331e-005 -0.958622 0 
-668.076 0.317105 583.784 -0.960171 0.000535763 0.279412 0.000557987 1 0 -0.279412 0.000155908 -0.960171 0 
-703.684 0.337798 573.422 -0.926763 0.00341823 0.375628 0.00368836 0.999986 0 -0.375628 0.00138545 -0.926763 0 
-737.384 0.471918 559.763 -0.927062 -0.00193695 0.374901 -0.00208934 0.999996 0 -0.374901 -0.000783296 -0.927062 0 
-773.502 0.390518 545.157 -0.967277 -0.000333412 0.253722 -0.000344691 1 0 -0.253722 -8.74557e-005 -0.967277 0 
-806.273 0.37884 536.561 -0.986308 -0.000563646 0.164913 -0.00057147 1 0 -0.164913 -9.42431e-005 -0.986308 0 
-838.551 0.360138 531.164 -0.998891 -0.000221044 -0.0470891 -0.000221289 1 0 0.0470891 1.04203e-005 -0.998891 0 
-874.613 0.352149 532.864 -0.935612 -0.00054066 -0.353029 -0.000577867 1 0 0.353029 0.000204004 -0.935612 0 
-911.515 0.329357 546.788 -0.953499 0.00290216 -0.301381 0.0030437 0.999991 0 0.301381 -0.000917312 -0.953499 0 
-940.609 0.422229 555.984 -0.966084 0.00124083 -0.258225 0.00128439 0.999999 0 0.258225 -0.000331662 -0.966084 0 
-975.279 0.468322 565.251 -0.965377 -0.000435539 -0.26086 -0.00045116 1 0 0.26086 0.000117689 -0.965377 0 
-1013.63 0.450399 575.614 -0.98983 0.00247729 -0.142233 0.00250274 0.999994 0 0.142233 -0.000355972 -0.98983 0 
-1048.28 0.53801 580.593 -0.988881 0.00011492 -0.148709 0.000116212 1 0 0.148709 -1.72818e-005 -0.988881 0 
-1075.85 0.54125 584.739 -0.993281 -0.00538572 -0.115599 -0.00542215 0.99997 0 0.115599 0.000626793 -0.993281 0 
-1106.8 0.372299 588.341 -0.993744 0.000145134 -0.111682 0.000146048 1 0 0.111682 -1.6311e-005 -0.993744 0 
-1142.57 0.377556 592.361 -0.99186 0.0212807 -0.12551 0.0214553 0.99954 0 0.12551 -0.00269286 -0.99186 0 
CONVERGE
-630.965 0.299658 606.158 -0.99974 0.000336629 0.0228177 0.000336717 1 0 -0.0228177 7.6831e-006 -0.99974 0 
-673.509 0.313987 605.187 -0.997542 -0.000311287 0.0700645 -0.000312054 1 0 -0.0700645 -2.18639e-005 -0.997542 0 
-709.459 0.302741 602.662 -0.999894 0.000216117 0.0145774 0.00021614 1 0 -0.0145774 3.15076e-006 -0.999894 0 
-768.447 0.315492 601.802 -0.999959 -9.31544e-005 0.0090146 -9.31581e-005 1 0 -0.0090146 -8.39784e-007 -0.999959 0 
-928.405 0.30059 600.36 -0.997539 -6.48245e-006 -0.0701137 -6.49845e-006 1 0 0.0701137 4.5563e-007 -0.997539 0 
-960.488 0.300381 602.615 -0.999894 0.00128003 -0.0145247 0.00128016 0.999998 0 0.0145247 -1.8594e-005 -0.999894 0 
-1004.48 0.356704 603.254 -0.99735 -0.000964022 0.0727437 -0.000966583 0.999999 0 -0.0727437 -7.03128e-005 -0.99735 0 
-1053.07 0.309613 599.71 -0.999972 0.00111499 -0.00740907 0.00111502 0.999999 0 0.00740907 -8.26126e-006 -0.999972 0 
-1096.12 0.357616 600.029 -0.999937 -0.0014183 0.0111027 -0.00141839 0.999998 0 -0.0111027 -1.57479e-005 -0.999937 0 
-1136.38 0.300508 599.582 -0.999647 0.020835 -0.0164803 0.0208424 0.999566 0 0.0164803 -0.000343489 -0.999647 0 
CONVERGE
-1209.11 1.81691 600.781 -0.999862 6.76394e-005 0.0166162 6.76488e-005 1 0 -0.0166162 1.12406e-006 -0.999862 -32641 
-1298.53 1.82296 599.295 -0.99687 -0.039463 -0.0684344 -0.0395869 0.998433 0 0.0684344 0.00270911 -0.99687 -32641 
-1336.55 0.313139 601.905 -0.998415 0.0394769 0.0400469 0.0395396 0.998437 0 -0.0400469 0.00158344 -0.998415 0 
-1374.77 1.82674 600.372 -0.99853 -0.0366119 0.039927 -0.0366659 0.998656 0 -0.039927 -0.00146396 -0.99853 -32641 
-1416.31 0.301396 598.711 -0.993015 3.61615e-005 0.117987 3.64158e-005 1 0 -0.117987 4.29659e-006 -0.993015 0 
-1436.08 0.302121 596.362 -0.992206 0.0538298 0.112182 0.0542527 0.997057 0 -0.112182 0.00608617 -0.992206 0 
-1463.87 1.82165 593.22 -0.956659 -0.0463113 0.287157 -0.0484094 0.997656 0 -0.287157 -0.0139011 -0.956659 -32641 
-1493.94 0.300035 584.194 -0.957803 0.000827743 0.287423 0.00086421 0.999999 0 -0.287423 0.000248394 -0.957803 0 
-1516.71 0.32058 577.361 -0.912365 -0.00094023 0.409375 -0.00103054 0.999999 0 -0.409375 -0.000421878 -0.912365 0 
-1534.76 0.300192 569.262 -0.758668 0.000466152 0.651477 0.000614434 1 0 -0.651477 0.000400289 -0.758668 -32641 
-1555.2 0.316746 551.71 -0.74805 -0.000633667 0.663642 -0.000847092 0.999999 0 -0.663642 -0.000562166 -0.74805 0 
-1568.44 0.301753 539.964 -0.382559 0.000139309 0.923931 0.000364152 1 0 -0.923931 0.000336451 -0.382559 0 
-1576.36 0.309292 520.836 -0.112047 -3.41719e-005 0.993703 -0.000304977 1 0 -0.993703 -0.000303057 -0.112047 -32641 
-1579.01 0.302079 497.334 0.249344 -0.000120238 0.968415 0.000482218 1 -0 -0.968415 0.000466987 0.249344 0 
-1569.55 0.320374 460.593 0.631487 0.000618786 0.775386 -0.000979887 0.999999 -0 -0.775386 -0.00075979 0.631487 -32641 
-1556.42 0.3 444.471 0.796052 -0.000114192 0.605228 0.000143448 1 -0 -0.605228 8.68186e-005 0.796052 0 
-1538.39 0.303249 430.763 0.791389 -6.05815e-005 0.611313 7.65508e-005 1 -0 -0.611313 4.67965e-005 0.791389 0 
-1510.87 0.305911 409.505 0.822277 0.000115608 0.569088 -0.000140595 1 -0 -0.569088 -8.00109e-005 0.822277 0 
-1482.06 0.300985 389.566 0.776048 -0.00600336 0.630626 0.00773581 0.99994 -0 -0.630626 0.0048784 0.776048 -32641 
-1454.15 0.579198 366.886 0.59561 0.00384927 0.803248 -0.00646273 0.999958 -0 -0.803248 -0.00519117 0.59561 -31233 
-1428.44 0.300228 332.213 0.400978 -0.000553132 0.916087 0.00137946 0.999998 -0 -0.916087 0.0012637 0.400978 0 
-1416.55 0.341132 305.049 0.217574 -0.000673861 0.976039 0.00309716 0.999991 -0 -0.976039 0.00302295 0.217574 -32513 
-1410.04 0.433802 275.845 0.114804 0.000465186 0.99338 -0.00405199 0.999984 -0 -0.99338 -0.00402516 0.114804 0 
-1406.34 0.303209 243.829 -0.0553138 -3.48447e-006 0.998469 -6.29946e-005 1 0 -0.998469 -6.28982e-005 -0.0553138 -32513 
-1409.04 0.300134 195.09 -0.0123182 0.000233441 0.999745 0.0189509 0.999641 0 -0.999745 0.018946 -0.0123182 0 
-1409.97 1.73078 119.617 -0.0393368 4.41218e-005 0.999225 0.00112164 0.999999 0 -0.999225 0.00112077 -0.0393368 -32513 
-1412.77 1.81062 48.4908 0.00648054 -6.36777e-007 0.999979 9.82599e-005 1 -0 -0.999979 9.82578e-005 0.00648054 -32513 
-1412.22 1.81896 -36.3844 -0.0583091 -1.2004e-006 0.998299 -2.05869e-005 1 0 -0.998299 -2.05518e-005 -0.0583091 -32513 
-1416.61 1.81741 -111.545 -0.134061 -0.0142924 0.985222 -0.106612 0.988634 0 -0.985222 -0.105036 -0.134061 -32513 
-1429.33 -8.29814 -205.025 -0.372477 -0.0532941 0.916945 -0.14308 0.979528 0 -0.916945 -0.131197 -0.372477 -32513 
-1449.18 -15.9232 -253.891 -0.296618 -0.0430486 0.943904 -0.145132 0.978937 0 -0.943904 -0.13699 -0.296618 -32513 
-1460.54 -21.4815 -290.041 -0.399493 -0.0577848 0.905253 -0.144645 0.979078 0 -0.905253 -0.130941 -0.399493 -32513 
-1479.95 -28.5093 -334.024 -0.809159 -0.107638 0.572334 -0.133025 0.982304 0 -0.572334 -0.0761346 -0.809159 0 
-1507 -32.9563 -353.157 -0.774675 -0.111779 0.615677 -0.144291 0.97918 0 -0.615677 -0.0888369 -0.774675 0 
-1528.74 -37.0056 -370.435 -0.820439 -0.11505 0.554271 -0.14023 0.980336 0 -0.554271 -0.0777255 -0.820439 -32513 
-1558.92 -42.164 -390.824 -0.813142 -0.122079 0.56237 -0.150133 0.97746 0 -0.56237 -0.08443 -0.813142 0 
-1579.99 -46.0542 -405.396 -0.863204 -0.105628 0.4898 -0.122368 0.985026 0 -0.4898 -0.0599357 -0.863204 -32513 
-1610.96 -50.4445 -422.969 -0.822045 -0.0545839 0.565537 -0.0664 0.995591 0 -0.565537 -0.0375517 -0.822045 0 
-1640.79 -52.854 -443.491 -0.779253 -0.0549374 0.622731 -0.0705 0.99503 0 -0.622731 -0.0439026 -0.779253 -32513 
-1680.26 -56.4249 -475.033 -0.687413 -0.0397764 0.723958 -0.0578639 0.996652 0 -0.723958 -0.041891 -0.687413 0 
-1703.51 -58.382 -499.519 -0.603609 -0.0357312 0.79508 -0.0591959 0.996496 0 -0.79508 -0.0470655 -0.603609 -32513 
-1720.3 -60.0286 -521.635 -0.68911 -0.0129556 0.724412 -0.0188005 0.999647 0 -0.724412 -0.0136193 -0.68911 0 
-1740.72 -60.5857 -543.101 -0.47296 -0.0567744 0.872868 -0.120041 0.98559 0 -0.872868 -0.10478 -0.47296 -32513 
-1758.92 -65.205 -576.69 -0.382229 -0.0271946 0.921325 -0.0711473 0.994938 0 -0.921325 -0.0655498 -0.382229 0 
-1779.79 -69.0897 -626.995 -0.0946505 -0.00547216 0.99383 -0.0578144 0.996657 0 -0.99383 -0.0574577 -0.0946505 -32513 
-1781.94 -70.4029 -649.569 -0.0173878 -0.00134976 0.996831 -0.0776271 0.993974 0 -0.996831 -0.0773811 -0.0173878 0 
-1782.55 -73.1267 -684.546 0.140518 0.00823826 0.988341 -0.0586277 0.996563 -0 -0.988341 -0.0579442 0.140518 -32513 
-1777.35 -75.2963 -721.121 0.184447 0.0136892 0.980036 -0.0742172 0.994492 -0 -0.980036 -0.0727356 0.184447 0 
-1770.15 -78.1934 -759.377 0.311697 0.0254372 0.946671 -0.0816089 0.99334 -0 -0.946671 -0.0772567 0.311697 -32513 
-1760.65 -80.6807 -788.23 0.321432 0.0228893 0.944251 -0.0712102 0.994929 -0 -0.944251 -0.0672403 0.321432 0 
-1746.3 -83.8598 -830.385 0.520362 0.0385201 0.850731 -0.0740256 0.99452 -0 -0.850731 -0.0629759 0.520362 -32513 
-1714.77 -88.3452 -881.933 0.621944 0.0466323 0.779464 -0.0749782 0.994378 -0 -0.779464 -0.0584428 0.621944 -32513 
-1693.69 -90.8865 -908.352 0.689581 0.0509932 0.720424 -0.0739482 0.994532 -0 -0.720424 -0.053274 0.689581 0 
-1659.46 -94.5572 -944.113 0.764411 0.0538981 0.640862 -0.0705094 0.995028 -0 -0.640862 -0.0451868 0.764411 -32513 
-1628.97 -97.3696 -969.675 0.797957 0.0478001 0.59973 -0.0599031 0.996412 -0 -0.59973 -0.0359257 0.797957 0 
-1602.74 -99.3387 -989.389 0.812202 0.100112 0.570206 -0.12326 0.984807 -0 -0.570206 -0.0702836 0.812202 -32513 
-1574.45 -103.632 -1009.25 0.829093 0.0864077 0.549311 -0.10422 0.989138 -0 -0.549311 -0.057249 0.829093 0 
-1538.89 -108.102 -1032.81 0.739631 0.126338 0.650976 -0.170812 0.970823 -0 -0.650976 -0.111194 0.739631 -32513 
-1504.6 -116.021 -1062.99 0.728209 0.0613792 0.680153 -0.0842879 0.992895 -0 -0.680153 -0.0573287 0.728209 0 
-1475.96 -119.336 -1089.74 0.510237 0.0986959 0.837999 -0.193432 0.962584 -0 -0.837999 -0.162095 0.510237 -32513 
-1458.4 -125.993 -1118.58 0.47125 0.0502653 0.875526 -0.106664 0.988623 -0 -0.875526 -0.093387 0.47125 0 
-1441.09 -129.911 -1150.74 0.190025 0.0324739 0.966792 -0.170893 0.970796 -0 -0.966792 -0.165218 0.190025 -32513 
-1432.42 -137.708 -1194.85 0.103738 0.0157028 0.983019 -0.151369 0.977087 -0 -0.983019 -0.148798 0.103738 -32513 
-1428.87 -142.888 -1228.49 0.118943 0.0161892 0.983528 -0.136108 0.981475 -0 -0.983528 -0.133866 0.118943 0 
-1426.23 -145.909 -1250.32 -0.0100224 -0.000826503 0.996544 -0.0824659 0.993199 0 -0.996544 -0.0821808 -0.0100224 0 
-1426.7 -149.776 -1297.05 -0.0587768 0.000245168 0.998262 0.00417117 0.999983 0 -0.998262 0.00416392 -0.0587768 -32513 
-1427.94 -149.688 -1318.11 -0.185617 0.00127233 0.982598 0.0068546 0.999953 0 -0.982598 0.00673532 -0.185617 0 
-1431.65 -149.551 -1337.75 -0.185798 -0.000697068 0.982581 -0.00375175 0.999986 0 -0.982581 -0.0036864 -0.185798 -32513 
-1438.93 -149.698 -1376.25 -0.144549 0.000123951 0.989497 0.000857498 0.999999 0 -0.989497 0.000848492 -0.144549 0 
-1443.65 -149.67 -1408.56 -0.21004 0.011735 0.976095 0.0558704 0.996878 0 -0.976095 0.0545348 -0.21004 0 
-1449.12 -148.215 -1433.98 -0.197434 -0.00738737 0.979602 -0.037417 0.9986 0 -0.979602 -0.0366537 -0.197434 -32513 
-1456.94 -149.697 -1472.78 -0.24812 0.0111495 0.967687 0.044936 0.997981 0 -0.967687 0.043484 -0.24812 0 
-1465.25 -148.192 -1505.19 -0.272587 -0.0113411 0.961231 -0.0416053 0.998269 0 -0.961231 -0.0399923 -0.272587 -32513 
-1475.13 -149.7 -1540.03 -0.267394 0.00676293 0.963255 0.025292 0.99936 0 -0.963255 0.0243626 -0.267394 0 
-1491.2 -148.18 -1597.92 -0.19638 -0.00929275 0.979385 -0.0473202 0.997761 0 -0.979385 -0.0463447 -0.19638 -32513 
-1497.45 -149.686 -1629.09 -0.225893 0.0120887 0.972681 0.0535151 0.997136 0 -0.972681 0.0520532 -0.225893 0 
-1503.79 -148.184 -1656.39 -0.17368 -0.00606155 0.984184 -0.0349007 0.998782 0 -0.984184 -0.0343487 -0.17368 -32513 
-1511.17 -149.667 -1698.21 -0.097629 -0.000140551 0.995222 -0.00143964 0.999998 0 -0.995222 -0.00143276 -0.097629 0 
-1513.34 -149.699 -1720.33 -0.0568348 -1.87346e-006 0.998384 -3.29633e-005 1 0 -0.998384 -3.291e-005 -0.0568348 -32513 
-1515.05 -149.7 -1750.37 -0.0502538 1.77128e-006 0.998736 3.52467e-005 1 0 -0.998736 3.52022e-005 -0.0502538 0 
-1517.9 -149.698 -1807.01 -0.0225716 0.000372887 0.999609 0.0165202 0.999727 0 -0.999609 0.0165137 -0.0225716 -32513 
-1519.97 -148.183 -1898.68 -0.061363 -2.10386e-006 0.998115 -3.42855e-005 1 0 -0.998115 -3.42208e-005 -0.061363 -32513 
-1525.35 -148.186 -1986.19 -0.0535955 1.21649e-006 0.998563 2.26976e-005 1 0 -0.998563 2.2665e-005 -0.0535955 -32513 
-1530.07 -148.184 -2074.13 -0.0134483 2.67184e-006 0.99991 0.000198675 1 0 -0.99991 0.000198657 -0.0134483 -32513 
-1530.95 -148.171 -2139.56 -0.0270258 -3.29315e-006 0.999635 -0.000121852 1 0 -0.999635 -0.000121808 -0.0270258 -32513 
-1533.61 -148.183 -2237.95 -0.0269426 -1.95328e-006 0.999637 -7.24977e-005 1 0 -0.999637 -7.24714e-005 -0.0269426 -32513 
-1535.47 -148.188 -2306.96 -0.0321722 6.15182e-006 0.999482 0.000191215 1 0 -0.999482 0.000191116 -0.0321722 -32513 
-1538.33 -148.171 -2395.81 -0.0274427 -3.93123e-007 0.999623 -1.43252e-005 1 0 -0.999623 -1.43198e-005 -0.0274427 -32513 
-1540.23 -148.172 -2465.02 -0.0323708 2.35342e-006 0.999476 7.27022e-005 1 0 -0.999476 7.26641e-005 -0.0323708 -32513 
-1542.9 -148.166 -2547.46 -0.0273952 -4.34555e-006 0.999625 -0.000158625 1 0 -0.999625 -0.000158565 -0.0273952 -32513 
-1544.8 -148.177 -2616.79 -0.0107491 -0.000440038 0.999104 -0.0409371 0.998324 0 -0.999104 -0.0409005 -0.0107491 -32513 
-1545.2 -149.7 -2653.96 -0.0563885 0 0.998409 0 1 0 -0.998409 0 -0.0563885 0 
-1547.58 -149.7 -2696.1 -0.174274 -0.0140377 0.981397 -0.08055 0.993512 0 -0.981397 -0.0790516 -0.174274 -32513 
-1554.01 -152.672 -2732.31 -0.143173 -0.0201505 0.979639 -0.140742 0.980192 0 -0.979639 -0.137877 -0.143173 0 
-1555.66 -154.294 -2743.6 -0.228775 -0.0266184 0.966501 -0.116352 0.986462 0 -0.966501 -0.112454 -0.228775 0 
-1562.07 -157.554 -2770.68 -0.524833 -0.0475229 0.846376 -0.0905486 0.991801 0 -0.846376 -0.0766381 -0.524833 -32513 
-1575.83 -159.928 -2792.87 -0.557244 -0.0656954 0.821937 -0.117893 0.986101 0 -0.821937 -0.0969009 -0.557244 0 
-1600.04 -165.05 -2828.58 -0.598801 -0.0785219 0.79009 -0.131132 0.982804 0 -0.79009 -0.103606 -0.598801 -32513 
-1619.26 -169.259 -2853.94 -0.889746 -0.0808952 0.44731 -0.0909194 0.991734 0 -0.44731 -0.0406692 -0.889746 0 
-1633.9 -170.755 -2861.3 -0.899308 -0.067144 0.430896 -0.0746619 0.994426 0 -0.430896 -0.0321715 -0.899308 0 
-1664.35 -173.283 -2875.89 -0.938502 -0.134584 0.314086 -0.143403 0.979436 0 -0.314086 -0.045041 -0.938502 -32513 
-1694.35 -177.867 -2885.93 -0.960256 -0.126358 0.246156 -0.131588 0.982685 0 -0.246156 -0.0323912 -0.960256 0 
-1724.7 -182.026 -2893.71 -0.985885 -0.0792148 -0.146886 -0.0803489 0.993544 0 0.146886 0.0118022 -0.985885 -32513 
-1744.97 -183.678 -2890.69 -0.966999 -0.121589 -0.221592 -0.125739 0.98419 0 0.221592 0.0278627 -0.966999 0 
-1785.03 -188.887 -2881.51 -0.922921 -0.0888954 -0.372745 -0.0963196 0.990723 0 0.372745 0.0359026 -0.922921 -32513 
-1821.7 -192.714 -2866.7 -0.861581 -0.108844 -0.49165 -0.12633 0.984041 0 0.49165 0.0621103 -0.861581 0 
-1845.27 -196.17 -2853.25 -0.765398 -0.083486 -0.634247 -0.109075 0.988102 0 0.634247 0.0691806 -0.765398 -32513 
-1862.02 -198.557 -2839.37 -0.701363 -0.0927046 -0.700442 -0.132178 0.982529 0 0.700442 0.0925829 -0.701363 0 
-1884.72 -202.835 -2816.7 -0.495224 -0.053242 -0.862087 -0.107511 0.988442 0 0.862087 0.0926838 -0.495224 -32513 
-1895.6 -205.197 -2797.76 -0.405488 -0.0419655 -0.908223 -0.103494 0.989289 0 0.908223 0.0939956 -0.405488 0 
-1908.4 -208.464 -2769.09 -0.318648 -0.0370499 -0.940715 -0.116272 0.986481 0 0.940715 0.109379 -0.318648 0 
-1917.6 -211.821 -2741.93 -0.0398939 -0.00535834 -0.990135 -0.134315 0.98196 0 0.990135 0.13299 -0.0398939 -32513 
-1918.66 -215.39 -2715.62 -0.0250627 -0.00213131 -0.996062 -0.0850391 0.992768 0 0.996062 0.0847042 -0.0250627 0 
-1919.35 -217.731 -2688.2 0.111578 0.0135013 -0.986361 -0.121004 0.985358 0 0.986361 0.119354 0.111578 -32513 
-1912.91 -224.715 -2631.27 0.317358 0.0302042 -0.943518 -0.0951741 0.990942 0 0.943518 0.0897984 0.317358 -32513 
-1903.26 -227.609 -2602.58 0.567297 0.0596146 -0.816781 -0.105085 0.988957 0 0.816781 0.0858318 0.567297 0 
-1883.75 -231.223 -2574.49 0.862763 0.117514 -0.486917 -0.136207 0.981448 0 0.486917 0.0663213 0.862763 -32513 
-1860.06 -234.963 -2561.12 0.925797 0.0947287 -0.363909 -0.102321 0.98953 0 0.363909 0.0372357 0.925797 0 
-1830.6 -238.219 -2549.54 0.900354 0.0948951 -0.422202 -0.105398 0.988891 0 0.422202 0.0444991 0.900354 0 
-1795.2 -242.363 -2532.94 0.935083 0.123483 -0.328908 -0.132055 0.982561 0 0.328908 0.043434 0.935083 -32513 
-1764.78 -246.659 -2522.24 0.971581 0.070737 -0.225232 -0.072806 0.994699 0 0.225232 0.0163983 0.971581 0 
-1726 -249.565 -2513.25 0.983878 0.00310296 -0.178813 -0.00315381 0.99999 0 0.178813 0.000563942 0.983878 -32513 
-1691.06 -249.677 -2506.9 0.999245 -6.74632e-005 -0.0388552 6.75141e-005 1 0 0.0388552 -2.62328e-006 0.999245 0 
-1646.57 -249.674 -2505.17 0.994204 -0.0251052 -0.104505 0.0252516 0.999362 0 0.104505 -0.00263892 0.994204 -32513 
-1585.78 -248.13 -2498.78 0.999918 0.00125777 -0.0127601 -0.00125788 0.999999 0 0.0127601 1.60507e-005 0.999918 -32513 
-1530.93 -248.199 -2498.08 0.999222 -4.98636e-005 0.0394435 4.99024e-005 1 -0 -0.0394435 1.96833e-006 0.999222 -32513 
-1450.88 -248.195 -2501.24 0.974449 5.93202e-005 0.224609 -6.08756e-005 1 -0 -0.224609 -1.36732e-005 0.974449 -32513 
SPLIT
2 
-1371.01 -248.2 -2519.65 0.98294 0.0505662 0.176588 -0.0514438 0.997354 -0 -0.176588 -0.00908438 0.98294 -32513 
-1342.12 -249.712 -2524.84 0.939013 -8.64345e-005 0.343881 9.20482e-005 1 -0 -0.343881 3.16536e-005 0.939013 0 
-1280.79 -249.706 -2547.3 0.844122 -0.000125415 0.536151 0.000148575 1 -0 -0.536151 7.96585e-005 0.844122 -32513 
-1246.72 -249.7 -2568.94 0.89054 -0.000890475 0.454904 0.000999927 0.999999 -0 -0.454904 0.000454871 0.89054 0 
-1222.68 -249.673 -2581.22 0.849433 0.000734846 0.527696 -0.000865102 0.999999 -0 -0.527696 -0.000456511 0.849433 0 
-1197.15 -249.699 -2597.08 0.850662 -0.000791543 0.525712 0.000930502 0.999999 -0 -0.525712 0.000489176 0.850662 -32513 
-1173.38 -249.673 -2611.77 0.897865 0.000355333 0.440271 -0.000395753 1 -0 -0.440271 -0.000174239 0.897865 0 
-1137.1 -249.689 -2629.56 0.961431 0.000120808 0.275046 -0.000125654 1 -0 -0.275046 -3.45606e-005 0.961431 -32513 
-1114.1 -249.692 -2636.14 0.997597 0.000276293 -0.0692778 -0.000276959 1 0 0.0692778 1.91871e-005 0.997597 0 
-1085.3 -249.7 -2634.14 0.997463 -0.000124919 -0.0711853 0.000125236 1 0 0.0711853 -8.91498e-006 0.997463 -32513 
-1061.48 -249.697 -2632.44 0.985416 3.77984e-005 -0.170162 -3.83578e-005 1 0 0.170162 6.52706e-006 0.985416 0 
-1036 -249.698 -2628.04 0.917062 -7.04857e-005 -0.398744 7.68603e-005 1 0 0.398744 -3.06476e-005 0.917062 0 
-1012.15 -249.696 -2617.67 0.831419 -0.000799129 -0.555646 0.000961164 0.999999 0 0.555646 -0.000534067 0.831419 -32513 
-993.117 -249.674 -2604.95 0.811365 -8.04557e-005 -0.58454 9.91609e-005 1 0 0.58454 -5.79635e-005 0.811365 0 
-968.646 -249.671 -2587.32 0.87111 -0.0001128 -0.491088 0.00012949 1 0 0.491088 -6.35909e-005 0.87111 0 
-948.424 -249.668 -2575.92 0.869111 0.000736398 -0.494616 -0.0008473 0.999999 0 0.494616 0.000419088 0.869111 0 
-916.62 -249.699 -2557.82 0.892314 -0.00169344 -0.451412 0.00189781 0.999996 0 0.451412 -0.000856693 0.892314 -32513 
-890.29 -249.643 -2544.5 0.898353 -0.0442718 -0.436501 0.0492811 0.997571 0 0.436501 -0.0215113 0.898353 0 
-863.329 -248.164 -2531.4 0.978543 0.0523428 -0.19898 -0.0534906 0.997139 0 0.19898 0.0106436 0.978543 -32513 
-836.675 -249.621 -2525.98 0.972222 -0.00508785 -0.234004 0.00523322 0.999973 0 0.234004 -0.00122459 0.972222 0 
-813.824 -249.498 -2520.48 0.988376 0.00532842 -0.151934 -0.00539109 0.999971 0 0.151934 0.000819092 0.988376 0 
-777.524 -249.696 -2514.9 0.999239 -0.000770148 -0.0389937 0.000770734 0.999999 0 0.0389937 -3.00538e-005 0.999239 -32513 
-756.772 -249.68 -2514.09 0.998808 0.000188126 -0.0488136 -0.000188351 1 0 0.0488136 9.19407e-006 0.998808 0 
-735.491 -249.684 -2513.05 0.999492 -0.00472715 -0.0315315 0.00472956 0.999978 0 0.0315315 -0.00014913 0.999492 0 
-716.469 -249.594 -2512.45 0.999922 0.00266833 0.0122281 -0.00266854 0.999993 -0 -0.0122281 -3.26313e-005 0.999922 0 
CONVERGE
-1416.9 -249.698 -2495.13 -0.87683 -0.000208881 0.4808 -0.000219996 1 3.32405e-005 -0.4808 -7.66277e-005 -0.87683 0 
-1393.69 -249.657 -2486.27 -0.982737 -0.00220273 0.184993 -0.0023578 0.999997 -0.000618264 -0.184991 -0.00104377 -0.98274 0 
-1369.03 -249.576 -2482.8 -0.934251 -0.00791471 0.356528 -0.00791544 0.999968 0.00145696 -0.356528 -0.00146091 -0.934283 0 
-1338.72 -249.628 -2471.28 -0.962355 -0.00342451 0.271772 -0.00372033 0.999993 -0.000573233 -0.271768 -0.00156273 -0.962361 0 
-1311.82 -249.615 -2463.2 -0.931517 -0.00439113 0.363671 -0.00457981 0.999989 0.000343462 -0.363669 -0.0013456 -0.931528 0 
-1285.44 -249.454 -2452.98 -0.946113 -0.0133812 0.32356 -0.0145194 0.999894 -0.00110421 -0.323511 -0.00574262 -0.946207 0 
-1256.33 -249.593 -2438.24 -0.882413 -0.00528227 0.470445 -0.00609127 0.999981 -0.000197355 -0.470436 -0.00303976 -0.882429 0 
-1226.01 -249.678 -2423.06 -0.912633 -0.000956595 0.408779 -0.00111779 0.999999 -0.000155421 -0.408779 -0.00059877 -0.912633 0 
-1202.56 -249.635 -2412.82 -0.924181 -0.00367586 0.381938 -0.00404847 0.999992 -0.000171999 -0.381935 -0.00170522 -0.924188 0 
-1179.71 -249.628 -2401.33 -0.895438 -0.00434637 0.445166 -0.00480901 0.999988 9.01925e-005 -0.445161 -0.00206005 -0.895448 0 
-1155.96 -249.632 -2391.42 -0.950881 -0.00429271 0.309528 -0.00459448 0.999989 -0.000245953 -0.309523 -0.00165599 -0.95089 0 
-1132.99 -249.6 -2384.81 -0.963077 -0.00700098 0.269137 -0.00728225 0.999973 -4.67036e-005 -0.269129 -0.0020049 -0.963102 0 
-1105.17 -249.594 -2378.65 -0.999015 -0.00608679 0.0439637 -0.00613547 0.999981 -0.000972285 -0.043957 -0.00124106 -0.999033 0 
-1079.66 -249.584 -2380.4 -0.996196 -0.00795073 -0.0867778 -0.0079631 0.999968 -0.000203622 0.0867767 0.000488173 -0.996228 0 
-1046.69 -249.653 -2383.85 -0.980163 -0.00246077 -0.198179 -0.0024686 0.999997 -0.000207515 0.198179 0.000285828 -0.980166 0 
-1019.99 -249.678 -2392.9 -0.883281 -0.00118727 -0.468843 -0.00117685 0.999999 -0.000315204 0.468843 0.000273345 -0.883282 0 
-998.966 -249.674 -2406.98 -0.892484 -0.00125215 -0.451078 -0.00166626 0.999998 0.000520876 0.451076 0.00121648 -0.892484 0 
-976.369 -249.626 -2420.65 -0.856336 -0.00389738 -0.516405 -0.00450932 0.99999 -6.94154e-005 0.5164 0.00226919 -0.856345 0 
-954.256 -249.501 -2432.34 -0.885445 -0.0122872 -0.464582 -0.0139262 0.999903 9.6479e-005 0.464535 0.00655527 -0.88553 0 
-928.142 -249.592 -2445.31 -0.908185 -0.00728698 -0.418507 -0.00791269 0.999969 -0.000240319 0.418496 0.00309326 -0.908214 0 
-903.026 -249.603 -2454.88 -0.953487 -0.00666185 -0.301361 -0.00698034 0.999976 -1.99816e-005 0.301354 0.00208455 -0.95351 0 
-871.919 -249.645 -2464.75 -0.918591 -0.0090154 -0.395108 -0.00969505 0.999953 -0.000276377 0.395091 0.00357671 -0.918635 0 
-845.568 -249.62 -2473.58 -0.988616 -0.00418169 -0.150404 -0.00432022 0.99999 0.000594297 0.1504 0.00123731 -0.988624 0 
-822.886 -249.607 -2478.7 -0.965921 -0.00808747 -0.258712 -0.00839727 0.999965 9.24076e-005 0.258702 0.00226173 -0.965955 0 
-801.138 -249.592 -2484.44 -0.969607 -0.0107885 -0.24443 -0.0111289 0.999938 1.17179e-005 0.244415 0.0027316 -0.969667 0 
-781.832 -249.623 -2490.02 -0.949681 -0.0123883 -0.312972 -0.012865 0.999917 -0.000542177 0.312953 0.00351148 -0.949762 0 
-759.614 -249.606 -2496.03 -0.973232 -0.00868935 -0.229661 -0.00899724 0.999959 0.00029351 0.229649 0.00235197 -0.973271 0 
-736.56 -249.7 -2500.78 -0.979505 1.22569e-006 -0.201417 -4.06401e-006 1 2.58489e-005 0.201417 2.61377e-005 -0.979505 0 
CONVERGE
-680.494 -249.69 -2512.89 0.999068 0.000331828 0.0431711 -0.000332138 1 -0 -0.0431711 -1.43388e-005 0.999068 -32513 
-653.414 -249.699 -2514.06 0.99915 0.00186995 -0.0411867 -0.00187154 0.999997 0 0.0411867 7.70826e-005 0.99915 0 
-632.063 -249.739 -2513.18 0.996095 -0.0453789 -0.0756283 0.0455568 0.997925 0 0.0756283 -0.00344538 0.996095 0 
-598.216 -248.191 -2510.61 0.999078 -8.8663e-005 -0.042923 8.87448e-005 1 0 0.042923 -3.80919e-006 0.999078 -32513 
-519.54 -248.184 -2507.23 0.998832 -1.05453e-005 -0.0483273 1.05577e-005 1 0 0.0483273 -5.10224e-007 0.998832 -32513 
-424.263 -248.183 -2502.62 0.999975 0 0.00704092 0 1 -0 -0.00704092 0 0.999975 -32513 
-341.913 -248.183 -2503.2 0.999989 0 0.00476524 0 1 -0 -0.00476524 0 0.999989 -32513 
-295.752 -248.183 -2503.42 0.999978 8.24648e-006 -0.00663132 -8.24666e-006 1 0 0.00663132 5.46862e-008 0.999978 -32513 
-173.635 -248.184 -2502.61 0.999988 -0.000169616 -0.00484538 0.000169618 1 0 0.00484538 -8.21864e-007 0.999988 -32513 
-91.0529 -248.17 -2502.21 0.986542 0.0558512 0.153394 -0.0566131 0.996795 -0 -0.153394 -0.0086841 0.986542 -32513 
-64.4259 -249.698 -2506.35 0.99371 -0.0138648 0.111109 0.0139526 0.999805 -0 -0.111109 0.00155026 0.99371 0 
-9.87154 -248.932 -2512.45 0.871289 0.163096 0.45367 -0.187189 0.96496 -0 -0.45367 -0.0849221 0.871289 -32513 
28.6545 -257.209 -2532.51 0.863109 0.108013 0.489266 -0.125144 0.984339 -0 -0.489266 -0.0612287 0.863109 -32513 
73.8154 -263.757 -2558.11 0.675604 0.0725308 0.729407 -0.107357 0.988474 -0 -0.729407 -0.0783069 0.675604 0 
88.4405 -266.081 -2573.9 0.49849 0.0577129 0.85913 -0.115776 0.986596 -0 -0.85913 -0.0994662 0.49849 0 
107.971 -270.617 -2607.56 0.527321 0.0600752 0.841994 -0.113925 0.987021 -0 -0.841994 -0.0959244 0.527321 -32513 
123.227 -273.913 -2631.92 0.469766 0.0496061 0.876453 -0.105598 0.988849 -0 -0.876453 -0.0925512 0.469766 0 
134.322 -276.407 -2652.62 0.400761 0.0278303 0.913547 -0.0694438 0.995178 -0 -0.913547 -0.0634401 0.400761 0 
143.065 -277.922 -2672.55 0.112973 0.0184408 0.980098 -0.163231 0.973356 -0 -0.980098 -0.159983 0.112973 -32513 
146.538 -282.94 -2702.68 0.0798189 0.00807821 0.991658 -0.101207 0.989757 -0 -0.991658 -0.100362 0.0798189 0 
149.001 -286.063 -2733.28 -0.045056 -0.00036888 0.998951 -0.00818714 0.999933 0 -0.998951 -0.00817855 -0.045056 0 
148.126 -286.222 -2752.68 -0.25762 -0.0495193 0.946934 -0.192219 0.963052 0 -0.946934 -0.182018 -0.25762 -32513 
141.213 -291.38 -2778.09 -0.427768 -0.0362495 0.899908 -0.0847411 0.992819 0 -0.899908 -0.0762591 -0.427768 0 
133.636 -292.881 -2794.03 -0.515296 -0.0629836 0.848251 -0.122228 0.98506 0 -0.848251 -0.10368 -0.515296 0 
120.314 -296.041 -2815.96 -0.571226 -0.0477764 0.816521 -0.0836384 0.993005 0 -0.816521 -0.0682925 -0.571226 -32513 
111.968 -297.263 -2827.89 -0.641582 -0.085979 0.755257 -0.134011 0.982041 0 -0.755257 -0.101213 -0.641582 0 
97.5097 -300.283 -2844.91 -0.692747 -0.0525679 0.717177 -0.0758833 0.994242 0 -0.717177 -0.0544217 -0.692747 0 
79.717 -302.232 -2863.33 -0.846696 -0.104931 0.517443 -0.12393 0.984641 0 -0.517443 -0.0641268 -0.846696 -32513 
60.7033 -305.015 -2874.95 -0.907282 -0.105351 0.404173 -0.116117 0.986517 0 -0.404173 -0.0469315 -0.907282 0 
37.8959 -307.934 -2885.11 -0.9224 -0.0853133 0.374999 -0.0924906 0.991446 0 -0.374999 -0.0346839 -0.9224 0 
13.3724 -310.393 -2895.08 -0.977206 -0.103911 0.183744 -0.106335 0.988693 0 -0.183744 -0.0195384 -0.977206 -32513 
-21.3562 -314.172 -2901.61 -0.990599 -0.135504 -0.00108612 -0.13679 0.981288 0 0.00108612 0.00014857 -0.990599 0 
-48.7446 -317.954 -2901.58 -0.988588 -0.00752398 -0.150452 -0.00761084 0.999942 0 0.150452 0.00114507 -0.988588 0 
-65.5004 -318.083 -2899.03 -0.941753 -0.155523 -0.292967 -0.165142 0.972728 0 0.292967 0.0483813 -0.941753 -32513 
-94.2703 -323.128 -2890.08 -0.919046 -0.0255737 -0.393167 -0.0278263 0.999226 0 0.393167 0.0109404 -0.919046 0 
-115.706 -323.777 -2880.91 -0.870319 -0.165543 -0.454275 -0.19021 0.96382 0 0.454275 0.0864074 -0.870319 -32513 
-134.443 -327.872 -2871.13 -0.823682 -0.0680103 -0.561009 -0.0825687 0.993182 0 0.561009 0.0463218 -0.823682 0 
-152.12 -329.644 -2859.09 -0.773164 -0.0819544 -0.625285 -0.105999 0.988764 0 0.625285 0.0662794 -0.773164 0 
-168.714 -331.919 -2845.67 -0.730021 -0.0920529 -0.671691 -0.126096 0.9841 0 0.671691 0.0846977 -0.730021 -32513 
-193.07 -336.126 -2823.26 -0.484207 -0.0442987 -0.870158 -0.0914871 0.99163 0 0.870158 0.0796082 -0.484207 0 
-200.866 -337.599 -2809.25 -0.471769 -0.0121514 -0.881346 -0.0257571 0.999337 0 0.881346 0.0227009 -0.471769 0 
-208.815 -338.033 -2794.4 -0.323667 -0.0510811 -0.932916 -0.15782 0.975093 0 0.932916 0.147233 -0.323667 -32513 
-216.635 -341.846 -2771.86 -0.22882 -0.0228945 -0.968313 -0.100055 0.989989 0 0.968313 0.0968841 -0.22882 0 
-221.744 -344.08 -2750.24 -0.238444 -0.0317704 -0.961973 -0.13324 0.982247 0 0.961973 0.128174 -0.238444 0 
-229.713 -348.533 -2718.09 -0.087951 -0.00518712 -0.994377 -0.0589774 0.996522 0 0.994377 0.0586458 -0.087951 -32513 
-231.589 -349.791 -2696.88 -0.045261 0.00014458 -0.99897 0.00319435 0.99999 0 0.99897 -0.00319106 -0.045261 0 
-232.878 -349.7 -2668.43 -0.133443 0.000478874 -0.99105 0.00358861 0.999987 0 0.99105 -0.00355649 -0.133443 -32513 
-235.816 -349.621 -2646.61 -0.0815156 -0.000163045 -0.99667 -0.00200017 0.999996 0 0.99667 0.00199351 -0.0815156 0 
-239.036 -349.7 -2607.24 0.0202066 -3.28173e-006 -0.999796 0.000162408 1 0 0.999796 -0.000162375 0.0202066 -32513 
-238.288 -349.694 -2570.23 0.0833362 -0.00370643 -0.995529 0.0444757 0.998022 0 0.995529 -0.0442768 0.0833362 0 
-235.513 -348.213 -2537.08 0.017231 0.000872411 -0.998569 -0.0506303 0.997437 0 0.998569 0.0505579 0.017231 -32513 
-235.01 -349.691 -2507.93 0.112923 -0.000252737 -0.993601 0.00223814 0.999995 0 0.993601 -0.00222382 0.112923 0 
-230.922 -349.61 -2471.96 0.0226644 4.64771e-005 -0.999741 -0.00205067 0.999996 0 0.999741 0.00205014 0.0226644 -32513 
-229.927 -349.7 -2428.07 -0.010565 0 -0.999944 0 1 0 0.999944 0 -0.010565 0 
-230.209 -349.7 -2401.38 -0.0443353 0.00213514 -0.997855 0.048159 0.997681 0 0.997855 -0.0480557 -0.0443353 0 
-231.589 -348.201 -2370.32 -0.177941 -0.00837103 -0.982916 -0.0470438 0.997787 0 0.982916 0.0462401 -0.177941 -32513 
-237.259 -349.7 -2339 -0.198203 0.000141462 -0.980161 0.000713724 0.999999 0 0.980161 -0.000699564 -0.198203 0 
-243.649 -349.677 -2307.4 -0.368289 8.61464e-005 -0.929711 0.00023391 1 0 0.929711 -0.000217469 -0.368289 -32513 
-256.238 -349.669 -2275.62 -0.627332 -0.000252143 -0.778752 -0.00040193 1 0 0.778752 0.000313004 -0.627332 0 
-278.101 -349.683 -2248.48 -0.599233 -0.00027625 -0.800574 -0.000461006 1 0 0.800574 0.00036907 -0.599233 -32513 
-298.887 -349.699 -2220.71 -0.67564 0.000284881 -0.737232 0.000421647 1 0 0.737232 -0.000310852 -0.67564 0 
-311.699 -349.691 -2206.73 -0.778753 0.00264581 -0.627321 0.00339749 0.999988 0 0.627321 -0.00213132 -0.778753 0 
-327.291 -349.623 -2194.17 -0.755523 2.39882e-005 -0.655122 3.17504e-005 1 0 0.655122 -2.08004e-005 -0.755523 -32513 
-350.529 -349.622 -2174.02 -0.827307 0.000314038 -0.561751 0.00037959 1 0 0.561751 -0.000213235 -0.827307 0 
-383.253 -349.607 -2151.8 -0.919216 -0.00051353 -0.393753 -0.00055866 1 0 0.393753 0.000219974 -0.919216 -32513 
-416.193 -349.627 -2137.69 -0.961209 0.0356146 -0.273321 0.0370519 0.998627 0 0.273321 -0.010127 -0.961209 0 
-453.576 -348.186 -2127.06 -0.984461 -0.0426272 -0.170183 -0.0433 0.998125 0 0.170183 0.00736894 -0.984461 -32513 
-487.475 -349.677 -2121.2 -0.986339 0.00136559 -0.164723 0.00138451 0.999998 0 0.164723 -0.000228061 -0.986339 0 
-516.695 -349.636 -2116.32 -0.966036 0.0387036 -0.255283 0.0400643 0.998395 0 0.255283 -0.0102277 -0.966036 0 
-551.585 -348.189 -2107.1 -0.964309 -0.0385213 -0.261749 -0.0399471 0.998404 0 0.261749 0.0104561 -0.964309 -32513 
-587.505 -349.677 -2097.35 -0.950521 0.0377556 -0.30811 0.039721 0.998422 0 0.30811 -0.0122384 -0.950521 0 
-623.137 -348.188 -2085.8 -0.970264 -0.0417831 -0.238187 -0.0430637 0.998145 0 0.238187 0.0102572 -0.970264 -32513 
-656.866 -349.685 -2077.52 -0.967792 -0.000377136 -0.251751 -0.000389687 1 0 0.251751 9.81041e-005 -0.967792 0 
-694.155 -349.7 -2067.82 -0.99715 0.000159123 -0.0754474 0.000159578 1 0 0.0754474 -1.20397e-005 -0.99715 -32513 
-719.136 -349.696 -2065.93 -0.995175 -0.0826226 -0.0522911 -0.0830232 0.993107 0 0.0522911 0.00434138 -0.995175 0 
-749.774 -352.252 -2064.32 -0.984895 -0.115834 0.127078 -0.117611 0.986168 0 -0.127078 -0.0149457 -0.984895 -32513 
-766.514 -354.251 -2066.48 -0.954209 -0.182743 0.229801 -0.191512 0.963323 0 -0.229801 -0.0440097 -0.954209 0 
-794.376 -359.843 -2073.19 -0.936454 -0.153356 0.31022 -0.163762 0.973182 0 -0.31022 -0.0508022 -0.936454 0 
-829.121 -365.919 -2084.7 -0.878969 -0.181062 0.430093 -0.205994 0.957566 0 -0.430093 -0.0885967 -0.878969 -32513 
-846.799 -370.062 -2093.35 -0.725472 -0.109568 0.671476 -0.15103 0.97719 0 -0.671476 -0.101413 -0.725472 0 
-856.944 -372.174 -2102.74 -0.625231 -0.121872 0.755706 -0.194923 0.962005 0 -0.755706 -0.147305 -0.625231 0 
-874.252 -377.57 -2123.66 -0.492515 -0.0773655 0.856011 -0.157083 0.975325 0 -0.856011 -0.134464 -0.492515 -32513 
-882.52 -380.207 -2138.03 -0.410793 -0.0847258 0.888094 -0.20625 0.957461 0 -0.888094 -0.183169 -0.410793 0 
-892.391 -385.163 -2159.37 -0.413676 -0.0612829 0.898291 -0.148142 0.978054 0 -0.898291 -0.133075 -0.413676 0 
-902.117 -388.646 -2180.49 -0.293229 -0.0495875 0.940967 -0.169109 0.971402 0 -0.940967 -0.159126 -0.293229 -32513 
-908.309 -392.217 -2200.36 -0.0782318 -0.012585 0.983871 -0.160868 0.974122 0 -0.983871 -0.158273 -0.0782318 0 
-909.784 -395.25 -2218.91 0.0232278 0.00439083 0.981696 -0.189034 0.964266 -0 -0.981696 -0.185574 0.0232278 0 
-909.272 -399.417 -2240.55 0.0864789 0.00992799 0.989617 -0.114802 0.98682 -0 -0.989617 -0.11361 0.0864789 -32513 
-907.727 -401.468 -2258.23 0.523994 0.0841941 0.836429 -0.160678 0.974183 -0 -0.836429 -0.134395 0.523994 0 
-896.864 -404.799 -2275.57 0.685306 0.145132 0.696783 -0.211776 0.955151 -0 -0.696783 -0.147562 0.685306 0 
-886.36 -408.045 -2286.25 0.7312 0.0891731 0.671173 -0.121954 0.985127 -0 -0.671173 -0.0818526 0.7312 0 
-872.546 -410.349 -2298.93 0.804921 0.134141 0.5695 -0.166652 0.972227 -0 -0.5695 -0.094908 0.804921 -32513 
-851.444 -414.718 -2313.86 0.815356 0.169529 0.540337 -0.20792 0.956769 -0 -0.540337 -0.112347 0.815356 0 
-837.154 -418.362 -2323.33 0.970835 0.11714 0.207172 -0.120659 0.985441 -0 -0.207172 -0.0249972 0.970835 0 
-821.971 -420.249 -2326.57 0.864103 0.159126 0.468417 -0.184151 0.966088 -0 -0.468417 -0.0862597 0.864103 0 
-805.59 -423.74 -2335.45 0.986496 0.154371 0.0483485 -0.156484 0.975512 -0 -0.0483485 -0.00756578 0.986496 -32513 
-788.449 -426.459 -2336.29 0.955359 0.162686 -0.241436 -0.170288 0.971002 0 0.241436 0.0411137 0.955359 0 
-766.844 -430.31 -2330.83 0.959874 0.142596 -0.237852 -0.148557 0.977931 0 0.237852 0.0353345 0.959874 0 
-734.841 -435.263 -2322.9 0.855247 0.190568 -0.467872 -0.222822 0.95035 0 0.467872 0.104252 0.855247 -32513 
-718.609 -439.492 -2314.02 0.879068 0.119758 -0.456815 -0.136233 0.98144 0 0.456815 0.0622334 0.879068 0 
-674.118 -446.387 -2290.9 0.694489 0.0692728 -0.712556 -0.0997465 0.990051 0 0.712556 0.071075 0.694489 -32513 
-651.058 -449.699 -2267.24 0.623813 -0.0551386 -0.776559 0.0883896 0.992187 0 0.776559 -0.0686397 0.623813 0 
-624.091 -445.878 -2233.67 0.669009 0.019149 -0.742703 -0.0286229 0.999181 0 0.742703 0.0212583 0.669009 -32513 
-588.096 -447.418 -2193.71 0.661098 0.00909301 -0.750174 -0.0137544 0.999811 0 0.750174 0.0103182 0.661098 -32513 
-536.234 -448.497 -2134.86 0.66078 -0.0023532 -0.750571 0.00356125 0.999987 0 0.750571 -0.00267297 0.66078 -32513 
-487.435 -448.234 -2079.43 0.591024 -4.88449e-005 -0.806654 8.26445e-005 1 0 0.806654 -6.66655e-005 0.591024 -32513 
-444.441 -448.228 -2020.75 0.504452 -8.95945e-005 -0.86344 0.000177608 1 0 0.86344 -0.000153354 0.504452 -32513 
-413.237 -448.217 -1967.34 0.280346 0.0141754 -0.958566 -0.050564 0.997443 0 0.958566 0.048469 0.280346 -32513 
-405.048 -449.694 -1939.34 0.274056 -0.000180677 -0.961714 0.00065927 1 0 0.961714 -0.000634029 0.274056 0 
-392.159 -449.663 -1894.11 -0.0241476 2.33114e-005 -0.999708 0.000965373 0.999999 0 0.999708 -0.000965091 -0.0241476 -32513 
-392.659 -449.643 -1873.41 -0.207 -0.000330766 -0.97834 -0.0015979 0.999997 0 0.97834 0.00156329 -0.207 0 
-399.783 -449.698 -1839.74 -0.215325 4.51287e-005 -0.976542 0.000209584 1 0 0.976542 -0.000204667 -0.215325 -32513 
-404.925 -449.693 -1816.42 -0.301842 -8.66876e-005 -0.953358 -0.000287195 1 0 0.953358 0.0002738 -0.301842 0 
-412.302 -449.7 -1793.12 -0.467212 0.0210193 -0.883 0.0449887 0.997976 0 0.883 -0.039725 -0.467212 0 
