0 3.5 -2 1 0 0 0 1 0 0 0 1 -32767 
-13.3629 -0.245553 -0.829079 0.998158 0.0581891 0.0171628 -0.0581132 0.998298 -0.00489086 -0.0174182 0.00388447 0.999841 -12417 
-32.1086 -0.197567 -0.83092 0.99837 0.0532965 0.0203923 -0.0532572 0.998578 -0.00246384 -0.0204946 0.00137379 0.999789 -12673 
-50.5453 -0.132967 -0.658247 0.996128 0.0506612 -0.0718498 -0.0508688 0.998705 -0.00106097 0.071703 0.00471177 0.997415 -12417 
-72.428 -0.16045 -1.17937 0.99363 0.0348655 -0.107166 -0.0347098 0.999392 0.00331832 0.107217 0.000422542 0.994236 -9473 
-97.9143 -0.170188 -2.38948 0.998764 0.0476511 0.0141579 -0.0476004 0.998859 -0.00389953 -0.0143275 0.00322079 0.999892 -9729 
-124.58 -0.123293 -3.3555 0.986375 0.0380044 -0.16006 -0.0385101 0.999258 -5.79201e-005 0.159939 0.00622107 0.987107 -9985 
-154.067 -0.199781 -5.61735 0.947274 -0.0213162 -0.319714 0.0218332 0.99976 -0.00196743 0.319679 -0.0051167 0.947512 0 
-192.368 -0.155644 -12.276 0.744613 0.00105648 -0.667496 0.000721515 0.999997 0.00238761 0.667496 -0.00225946 0.74461 0 
-216.456 -0.325017 -20.376 0.365979 0.000931606 -0.930623 -0.00347525 0.999994 -0.000365636 0.930616 0.00336796 0.36598 0 
-234.68 -0.202447 -29.8266 -0.138613 9.12213e-005 -0.990347 0.0020052 0.999998 -0.000188546 0.990345 -0.00201198 -0.138613 0 
-250.356 -0.281686 -40.1813 -0.707573 0.000541234 -0.70664 0.000105024 1 0.000660764 0.70664 0.000393324 -0.707573 0 
-261.07 -0.296436 -48.4273 -0.850257 -0.144026 -0.50628 -0.171618 0.985131 0.00796849 0.497605 0.0936619 -0.862332 -21761 
-260.969 -0.278484 -56.9 -0.787818 -0.0171109 -0.61567 -0.00721684 0.999802 -0.018552 0.615866 -0.0101724 -0.787786 -22401 
-255.175 -0.225664 -67.668 -0.709161 0.0240995 -0.704634 0.0244368 0.999655 0.00959595 0.704623 -0.0104139 -0.709506 -15233 
-248.538 -0.179239 -76.9031 -0.720731 -0.0382381 -0.692159 -0.0347216 0.999216 -0.0190465 0.692344 0.0103054 -0.721494 -18689 
-236.594 -0.291674 -91.0241 -0.863332 0.0286314 -0.503824 0.029274 0.999549 0.00663979 0.503787 -0.00901661 -0.863781 -5889 
-224.58 -0.128311 -102.174 -0.950714 0.000891549 -0.310066 0.00392367 0.99995 -0.00915543 0.310043 -0.0099208 -0.950671 0 
-207.074 -0.271262 -113.726 -0.979156 -0.126852 0.158629 -0.125767 0.991916 0.0169017 -0.15949 -0.0034009 -0.987194 -17281 
-178.095 -0.431773 -119.152 -0.828662 -0.230155 0.510243 -0.258401 0.965905 0.0160328 -0.496537 -0.118562 -0.859881 -31617 
-141.926 0.0194109 -111.9 -0.994683 0.0355222 0.09666 0.0367496 0.999265 0.0109474 -0.0962 0.0144414 -0.995257 0 
-118.684 -0.79211 -107.294 -0.967248 -0.0203222 -0.25302 -0.0174894 0.999757 -0.0134404 0.253232 -0.00857499 -0.967368 0 
-96.0877 0.226872 -105.167 -0.912522 0.00938804 -0.40892 0.00874025 0.999956 0.00345291 0.408934 -0.000423206 -0.912564 0 
-75.6461 -0.498132 -105.133 -0.940267 -0.0199112 -0.339856 -0.0231339 0.999718 0.00543317 0.339652 0.0129708 -0.940462 -21121 
-47.9027 0.25903 -107.896 -0.978696 0.0446474 -0.200399 0.0464553 0.998911 -0.00432591 0.199988 -0.0135434 -0.979705 0 
-16.0426 -0.571308 -111.786 -0.999407 -0.0311852 0.0145731 -0.0310895 0.999494 0.00674327 -0.014776 0.0062862 -0.999871 0 
6.59494 0.0302978 -113.781 -0.98672 0.0165988 0.161581 0.0159694 0.999859 -0.0051934 -0.161644 -0.00254408 -0.986846 -14337 
45.3287 -0.19744 -113.921 -0.960467 0.0458713 0.27459 0.0487758 0.998803 0.00375545 -0.274089 0.0170003 -0.961554 0 
74.0352 -0.307684 -111.656 -0.971349 -0.0212871 0.236702 -0.0228654 0.999731 -0.00392445 -0.236555 -0.00922431 -0.971574 0 
103.883 -0.250647 -108.018 -0.977085 0.00431736 0.212806 0.00508382 0.999982 0.00305461 -0.212789 0.00406649 -0.97709 0 
138.723 -0.179391 -102.338 -0.891003 0.00413395 0.453979 0.00364124 0.999991 -0.00195948 -0.453983 -9.28564e-005 -0.89101 0 
158.52 -0.252916 -97.6707 -0.795635 -0.00190358 0.605773 -0.00119305 0.999998 0.00157542 -0.605775 0.000530743 -0.795636 0 
181.175 -0.261273 -90.1243 -0.567795 0.000957255 0.823169 0.000707454 1 -0.00067491 -0.823169 0.000199144 -0.567796 0 
201.438 -0.237339 -80.3418 -0.212174 -0.000257558 0.977232 -0.000421696 1 0.000172001 -0.977232 -0.0003756 -0.212174 0 
219.819 -0.255241 -67.8102 0.280001 0.000150869 0.96 0.000125139 1 -0.000193654 -0.96 0.000174357 0.280001 0 
227.816 -0.239926 -60.4968 0.528975 0.0366015 0.847848 -0.0721356 0.997393 0.00194825 -0.845566 -0.0621906 0.530236 -31873 
233.99 -0.278281 -47.0171 0.744032 -0.0112601 0.668049 0.0447805 0.99845 -0.0330447 -0.666642 0.0545019 0.743383 0 
234.017 -0.175477 -28.0301 0.904926 0.31541 0.285701 -0.332295 0.943107 0.0113306 -0.265873 -0.10519 0.958252 -32641 
224.441 -0.451708 -15.4105 0.986522 -0.133725 0.0943005 0.136176 0.990482 -0.0200254 -0.0907251 0.032597 0.995342 -25601 
211.234 0.0644133 -6.49037 0.968553 -0.0129768 -0.24847 0.0130027 0.999914 -0.00153686 0.248469 -0.00174227 0.968638 -19201 
187.136 -0.112452 -1.22442 0.848716 0.0233845 -0.528332 0.00052557 0.998984 0.0450604 0.528849 -0.0385211 0.847841 -11905 
168.285 -0.402452 -2.92512 0.990301 0.00988958 -0.138584 -0.0130766 0.99967 -0.0221055 0.13832 0.0237033 0.990104 -22401 
141.161 -0.36301 -5.45611 0.928291 -0.0696406 0.365274 0.0642455 0.997571 0.0269192 -0.366262 -0.00152162 0.930511 0 
123.252 -0.1319 -4.33934 0.863029 0.234957 0.447187 -0.2506 0.967772 -0.0248438 -0.438613 -0.0906243 0.894095 -32641 
101.93 0.467339 0.671961 0.959112 -0.0924629 0.267498 0.0980867 0.995148 -0.00770754 -0.265488 0.0336304 0.963528 0 
86.6979 -1.29514 4.41807 0.999194 -0.0275833 0.0291762 0.0280461 0.999485 -0.0155749 -0.0287316 0.0163807 0.999453 -29441 
59.5735 0.863908 8.75386 0.951092 -0.0771169 -0.299128 0.0804194 0.99676 -0.00127286 0.298257 -0.0228451 0.954212 0 
32.2293 -1.02361 9.99405 0.752873 0.0594021 -0.65548 -0.0563546 0.998079 0.0257219 0.655749 0.017574 0.754775 0 
13.1478 0.317913 7.69081 0.776009 -0.0256094 -0.630202 0.0266938 0.999614 -0.00775124 0.630157 -0.0108075 0.776392 0 
