10.8172 5.61111 -117.623 -0.144402 2.36071e-007 -0.989519 1.63482e-006 1 0 0.989519 -1.61768e-006 -0.144402 0 
6.43685 5.61116 -87.6066 -0.0737506 -6.94731e-008 -0.997277 -9.42001e-007 1 0 0.997277 9.39435e-007 -0.0737506 0 
4.12225 5.61113 -56.3079 -0.124299 8.93999e-007 -0.992245 7.19234e-006 1 0 0.992245 -7.13656e-006 -0.124299 0 
-0.54201 5.6114 -19.0743 -0.00624498 -5.49338e-005 -0.999942 -0.00879647 0.999923 0 0.999942 0.00879596 -0.00624498 0 
-0.792421 5.25868 21.0213 0.023753 0.000340534 -0.999615 -0.0143365 0.999794 0 0.999615 0.0143309 0.023753 0 
0.000121445 4.78033 54.3744 2.19613e-006 1.23171e-009 -1 -0.000560856 1 0 1 0.000560856 2.19613e-006 0 
0.000254813 4.74627 115.103 -8.46322e-009 -2.00424e-011 -0.999997 -0.00236818 0.999995 0 0.999997 0.00236817 -8.46322e-009 0 
0.000254318 4.60776 173.591 6.46681e-007 -3.47495e-009 -0.999986 0.00537352 0.999971 0 0.999986 -0.00537344 6.46681e-007 0 
0.000279504 4.81704 212.537 -0.000501334 -7.24119e-007 -0.999999 -0.00144438 0.999998 0 0.999999 0.00144438 -0.000501334 0 
-0.0153847 4.77191 243.782 -0.00695046 -3.42474e-006 -0.999976 -0.000492736 1 0 0.999976 0.000492724 -0.00695046 0 
-0.288899 4.75252 283.133 -0.00964282 -1.61433e-006 -0.999954 -0.000167413 1 0 0.999954 0.000167405 -0.00964282 0 
-0.457097 4.7496 300.575 -0.0264221 9.85802e-007 -0.999651 3.73097e-005 1 0 0.999651 -3.72967e-005 -0.0264221 0 
-0.874818 4.75019 316.379 -0.0520807 -1.66794e-006 -0.998643 -3.20261e-005 1 0 0.998643 3.19827e-005 -0.0520807 0 
-1.6549 4.74971 331.337 -0.0845836 3.78107e-006 -0.996416 4.47021e-005 1 0 0.996416 -4.4542e-005 -0.0845836 0 
-2.88467 4.75036 345.824 -0.134312 -7.58272e-006 -0.990939 -5.64559e-005 1 0 0.990939 5.59443e-005 -0.134312 0 
-4.71677 4.74959 359.341 -0.232402 8.04577e-006 -0.97262 3.462e-005 1 0 0.97262 -3.36721e-005 -0.232402 0 
-8.54514 4.75016 375.363 -0.337057 -7.81927e-006 -0.941484 -2.31987e-005 1 0 0.941484 2.18412e-005 -0.337057 0 
-13.0553 4.74985 387.961 -0.432075 8.70457e-006 -0.901838 2.0146e-005 1 0 0.901838 -1.81684e-005 -0.432075 0 
-18.8539 4.75012 400.064 -0.513175 -1.27879e-005 -0.858284 -2.49191e-005 1 0 0.858284 2.13877e-005 -0.513175 0 
-22.772 4.74993 406.617 -0.59648 4.39163e-006 -0.802628 7.36258e-006 1 0 0.802628 -5.90942e-006 -0.59648 0 
-29.262 4.75001 415.35 -0.711513 -5.85338e-007 -0.702673 -8.22667e-007 1 0 0.702673 5.78066e-007 -0.711513 0 
-37.9226 4.75 423.903 -0.819189 -7.67226e-007 -0.573523 -9.36567e-007 1 0 0.573523 5.37143e-007 -0.819189 0 
-46.6812 4.74999 430.035 -0.889879 1.74844e-006 -0.456197 1.9648e-006 1 0 0.456197 -8.96336e-007 -0.889879 0 
-55.7517 4.75001 434.685 -0.937611 -8.32112e-007 -0.347687 -8.87481e-007 1 0 0.347687 3.08566e-007 -0.937611 0 
-66.3309 4.75 438.608 -0.972815 0 -0.231582 0 1 0 0.231582 0 -0.972815 0 
-78.0551 4.75 441.399 -0.991983 1.34877e-005 -0.126371 1.35967e-005 1 0 0.126371 -1.71823e-006 -0.991983 0 
-89.0136 4.75015 442.795 -0.999888 0.000800176 -0.0149166 0.000800265 0.999999 0 0.0149166 -1.19372e-005 -0.999888 -16641 
-114.752 4.77075 443.179 -0.999754 -0.00133048 0.0221433 -0.00133081 0.999998 0 -0.0221433 -2.94685e-005 -0.999754 0 
-124.368 4.75795 442.966 -0.99959 0.000187135 0.0286201 0.000187211 1 0 -0.0286201 5.358e-006 -0.99959 0 
-166.978 4.76593 441.746 -0.999602 0.00178341 0.0281594 0.00178412 0.999997 0 -0.0281594 5.02399e-005 -0.999602 0 
-196.157 4.81801 440.924 -0.999624 -0.00239876 0.0273193 -0.00239966 0.999994 0 -0.0273193 -6.55569e-005 -0.999624 0 
-232.236 4.7314 439.938 -0.999638 0.000231282 0.0269121 0.000231365 1 0 -0.0269121 6.22654e-006 -0.999638 0 
-265.591 4.73912 439.04 -0.999642 0.000293945 0.0267577 0.000294051 1 0 -0.0267577 7.86811e-006 -0.999642 0 
-308.255 4.75167 437.898 -0.999644 -4.56517e-005 0.0266794 -4.5668e-005 1 0 -0.0266794 -1.21839e-006 -0.999644 0 
-352.469 4.74965 436.718 -0.999644 8.02045e-006 0.0266733 8.0233e-006 1 0 -0.0266733 2.14008e-007 -0.999644 0 
-393.581 4.74998 435.621 -0.999645 1.22854e-006 0.0266629 1.22898e-006 1 0 -0.0266629 3.27681e-008 -0.999645 0 
-426.161 4.75002 434.752 -0.999657 -0.00246347 0.0260703 -0.00246431 0.999994 0 -0.0260703 -6.42453e-005 -0.999657 0 
-470.641 4.64037 433.592 -0.9992 -0.00149487 -0.0399538 -0.00149607 0.999998 0 0.0399538 5.97736e-005 -0.9992 0 
-518.408 4.56885 435.502 -0.990907 0.00334615 -0.134508 0.00337686 0.999989 0 0.134508 -0.000454214 -0.990907 0 
-571.236 4.74888 442.673 -0.995036 -0.00104176 -0.0995068 -0.00104695 0.999999 0 0.0995068 0.000104179 -0.995036 0 
-605.945 4.71236 446.144 -0.969082 0.0011015 -0.246736 0.00113664 0.999999 0 0.246736 -0.000280449 -0.969082 0 
SPLIT
3 
-658.575 4.77409 459.544 -0.948222 -0.000510224 -0.31761 -0.000538085 1 0 0.31761 0.000170901 -0.948222 0 
-701.802 4.74956 474.023 -0.939686 0.00027119 -0.342038 0.000288596 1 0 0.342038 -9.8711e-005 -0.939686 0 
-740.094 4.76132 487.961 -0.967818 -0.000588474 -0.25165 -0.000608042 1 0 0.25165 0.000153014 -0.967818 0 
-766.023 4.74503 494.703 -0.98378 0.0149617 -0.178736 0.0152084 0.999769 0 0.178736 -0.00271829 -0.98378 0 
-798.288 5.24382 500.565 -0.996557 0.00412968 -0.0828083 0.00414394 0.999983 0 0.0828083 -0.000343153 -0.996557 0 
-832.069 5.38429 503.372 -0.964729 -0.00569285 0.263177 -0.00590098 0.999965 0 -0.263177 -0.001553 -0.964729 0 
-853.726 5.25182 497.464 -0.933789 -0.00030421 0.357824 -0.000325781 1 0 -0.357824 -0.000116572 -0.933789 0 
-880.326 5.24254 487.271 -0.922433 0.000375745 0.386156 0.000407342 1 0 -0.386156 0.000157297 -0.922433 0 
-899.62 5.25106 479.194 -0.893512 0.00968338 0.448908 0.0108374 0.999883 0 -0.448908 0.00486501 -0.893512 0 
-929.305 5.61111 464.28 -0.910795 1.44076e-006 0.412859 1.58187e-006 1 0 -0.412859 6.53089e-007 -0.910795 0 
CONVERGE
-701.383 5.61111 425.709 -0.97552 -0.00641508 0.219811 -0.00657606 0.999957 0 -0.219811 -0.00144549 -0.97552 0 
-756.929 5.23667 413.193 -0.943893 0.00131055 0.330247 0.00138845 0.999998 0 -0.330247 0.000458532 -0.943893 0 
-771.314 5.25783 408.16 -0.960502 -0.00341597 0.27825 -0.00355644 0.999987 0 -0.27825 -0.000989577 -0.960502 0 
-784.68 5.20834 404.288 -0.97174 0.0024658 0.236041 0.00253752 0.999994 0 -0.236041 0.000598957 -0.97174 0 
-801.522 5.25232 400.197 -0.996551 -0.000269519 0.0829783 -0.000270452 1 0 -0.0829783 -2.24416e-005 -0.996551 0 
-831.258 5.24425 397.721 -0.993155 0.000393762 -0.116807 0.000396476 1 0 0.116807 -4.63112e-005 -0.993155 0 
-849.87 5.25168 399.91 -0.903761 -0.00014512 -0.428038 -0.000160573 1 0 0.428038 6.87314e-005 -0.903761 -4993 
-866.472 5.24873 407.773 -0.867741 -5.76543e-005 -0.497017 -6.64418e-005 1 0 0.497017 3.30227e-005 -0.867741 0 
-880.839 5.24763 416.002 -0.928629 0.000203986 -0.37101 0.000219663 1 0 0.37101 -8.14972e-005 -0.928629 0 
-891.787 5.25022 420.376 -0.833249 0.00459457 -0.552871 0.00551404 0.99997 0 0.552871 -0.00304855 -0.833249 0 
CONVERGE
-634.327 5.61111 446.891 -0.999755 0 -0.0221164 0 1 0 0.0221164 0 -0.999755 0 
-722.204 5.61111 448.835 -0.999765 0 -0.021685 0 1 0 0.021685 0 -0.999765 0 
-918.008 5.61111 453.082 -0.992526 1.02841e-006 -0.122037 1.03616e-006 1 0 0.122037 -1.26449e-007 -0.992526 0 
CONVERGE
-946.327 5.61114 456.564 -0.9976 -1.54577e-006 -0.0692363 -1.54949e-006 1 0 0.0692363 1.07281e-007 -0.9976 0 
-965.361 5.61111 457.885 -0.999737 -0.0153291 -0.0170747 -0.0153332 0.999765 0 0.0170747 0.00026181 -0.999737 0 
-1021.16 4.75531 458.838 -0.999851 0.000718042 -0.0172389 0.000718149 0.999999 0 0.0172389 -1.23801e-005 -0.999851 0 
-1086.93 4.80255 459.972 -0.999928 -0.00371409 -0.0114077 -0.00371436 0.999986 0 0.0114077 4.23724e-005 -0.999928 0 
-1149.34 4.57072 460.684 -0.999926 0.00548366 -0.0108865 0.00548407 0.99997 0 0.0108865 -5.97021e-005 -0.999926 0 
-1198.94 4.84275 461.224 -0.999979 -0.00134993 -0.00639641 -0.00134996 0.999998 0 0.00639641 8.63492e-006 -0.999979 0 
-1267.57 4.7501 461.663 -0.999864 3.51763e-005 0.0165117 3.51811e-005 1 0 -0.0165117 5.809e-007 -0.999864 0 
-1322.13 4.75202 460.762 -0.998563 -5.85073e-005 0.0535978 -5.85915e-005 1 0 -0.0535978 -3.14037e-006 -0.998563 0 
-1372.06 4.74909 458.082 -0.995475 7.51855e-005 0.0950249 7.55272e-005 1 0 -0.0950249 7.17697e-006 -0.995475 0 
-1391.43 4.75056 456.233 -0.992214 -4.5946e-005 0.124543 -4.63066e-005 1 0 -0.124543 -5.76714e-006 -0.992214 0 
-1410.71 4.74966 453.813 -0.988405 2.11297e-005 0.151842 2.13776e-005 1 0 -0.151842 3.24602e-006 -0.988405 0 
-1434.3 4.75017 450.189 -0.982836 -1.98242e-005 0.184483 -2.01704e-005 1 0 -0.184483 -3.7211e-006 -0.982836 0 
-1448.45 4.74988 447.533 -0.974821 1.1115e-005 0.222987 1.14021e-005 1 0 -0.222987 2.54251e-006 -0.974821 0 
-1463.86 4.75006 444.008 -0.961274 -4.16266e-006 0.275593 -4.33036e-006 1 0 -0.275593 -1.19342e-006 -0.961274 0 
-1479.42 4.74999 439.547 -0.941846 0 0.336045 0 1 0 -0.336045 0 -0.941846 0 
-1494.51 4.74999 434.163 -0.916154 3.19269e-006 0.400827 3.48488e-006 1 0 -0.400827 1.39683e-006 -0.916154 0 
-1505.04 4.75003 429.556 -0.87931 -2.69066e-006 0.476249 -3.05996e-006 1 0 -0.476249 -1.4573e-006 -0.87931 0 
-1516.55 4.74999 423.322 -0.83166 0 0.555285 0 1 0 -0.555285 0 -0.83166 0 
-1524.47 4.74999 418.034 -0.777671 1.69634e-006 0.628671 2.1813e-006 1 0 -0.628671 1.37132e-006 -0.777671 0 
-1531.61 4.75001 412.262 -0.702396 -7.76779e-007 0.711786 -1.1059e-006 1 0 -0.711786 -7.87164e-007 -0.702396 0 
-1537.97 4.75 405.817 -0.615189 -8.98044e-007 0.788379 -1.45978e-006 1 0 -0.788379 -1.15086e-006 -0.615189 0 
-1542.19 4.74999 400.409 -0.509389 5.87843e-007 0.860537 1.15402e-006 1 0 -0.860537 9.93073e-007 -0.509389 0 
-1546.61 4.75 392.942 -0.38824 0 0.921558 0 1 0 -0.921558 0 -0.38824 0 
-1549.19 4.75 386.818 -0.272903 0 0.962042 0 1 0 -0.962042 0 -0.272903 0 
-1551.04 4.75 380.296 -0.140345 0 0.990103 0 1 0 -0.990103 0 -0.140345 0 
-1552.44 4.75 370.42 0.00156107 0 0.999999 0 1 -0 -0.999999 0 0.00156107 0 
-1552.42 4.75 357.674 0.0993366 0 0.995054 0 1 -0 -0.995054 0 0.0993366 0 
-1551.54 4.75 348.859 0.185205 -6.86953e-007 0.9827 3.70914e-006 1 -0 -0.9827 3.64497e-006 0.185205 0 
-1549.54 4.75004 338.247 0.295049 -0.000857858 0.955478 0.00290751 0.999991 -0 -0.955478 0.00277806 0.295049 -11905 
-1545.69 4.78798 325.779 0.378169 0.00236459 0.925716 -0.00625273 0.999961 -0 -0.925716 -0.00578825 0.378169 0 
-1541.55 4.71953 315.645 0.48506 -0.000943793 0.874479 0.00194572 0.999996 -0 -0.874479 0.00170149 0.48506 0 
-1532.74 4.75487 299.762 0.56301 -0.00164831 0.826445 0.00292767 0.999991 -0 -0.826445 0.00241955 0.56301 0 
-1527.29 4.78321 291.762 0.590696 0.00309449 0.806878 -0.00523873 0.999973 -0 -0.806878 -0.00422701 0.590696 0 
-1520.35 4.72166 282.282 0.60011 -0.00373221 0.799893 0.00621921 0.999961 -0 -0.799893 0.00497471 0.60011 0 
-1513.94 4.78809 273.738 0.593023 0.0032108 0.805167 -0.00541429 0.999971 -0 -0.805167 -0.00435941 0.593023 0 
-1507.01 4.72482 264.329 0.564111 -0.000892765 0.825697 0.0015826 0.999997 -0 -0.825697 0.00130675 0.564111 0 
-1498.99 4.74732 252.59 0.507203 -0.000174697 0.861827 0.000344432 1 -0 -0.861827 0.000296841 0.507203 0 
-1492.82 4.75151 242.106 0.431491 3.73835e-005 0.902117 -8.66379e-005 1 -0 -0.902117 -7.81576e-005 0.431491 0 
-1487.79 4.7505 231.59 0.337328 -0.00391795 0.941315 0.0116147 0.999865 -0 -0.941315 0.0109331 0.337328 -4225 
-1483.25 4.90682 218.921 0.274247 0.00280684 0.961605 -0.0102347 0.999895 -0 -0.961605 -0.00984175 0.274247 0 
-1477.74 4.70119 199.601 0.203184 0.000550346 0.979137 -0.00270862 0.999993 -0 -0.979137 -0.00265211 0.203184 0 
-1473.93 4.6504 181.241 0.132402 -0.00032066 0.991193 0.00242187 0.999994 -0 -0.991193 0.00240054 0.132402 0 
-1469.24 4.73619 146.13 0.0755974 -1.5923e-005 0.997138 0.000210629 1 -0 -0.997138 0.000210026 0.0755974 0 
-1465.5 4.74661 96.7991 0.0263503 -1.85144e-006 0.999653 7.02625e-005 1 -0 -0.999653 7.02381e-005 0.0263503 0 
-1464.12 4.75029 44.4458 0.00892043 4.5029e-008 0.99996 -5.04785e-006 1 -0 -0.99996 -5.04765e-006 0.00892043 0 
-1463.59 4.74999 -14.9693 0.00575376 -3.55304e-009 0.999983 6.17516e-007 1 -0 -0.999983 6.17506e-007 0.00575376 0 
-1463.31 4.75002 -63.6162 -0.000454168 -2.07613e-010 1 -4.57128e-007 1 0 -1 -4.57128e-007 -0.000454168 0 
-1463.33 4.75 -107.427 -0.0240905 0 0.99971 0 1 0 -0.99971 0 -0.0240905 0 
-1463.75 4.75 -124.858 -0.0353305 0 0.999376 0 1 0 -0.999376 0 -0.0353305 0 
-1464.51 4.75 -146.356 -0.0557853 0 0.998443 0 1 0 -0.998443 0 -0.0557853 0 
-1465.73 4.75 -168.191 -0.0708425 0 0.997488 0 1 0 -0.997488 0 -0.0708425 0 
-1466.57 4.75 -180.018 -0.092539 0 0.995709 0 1 0 -0.995709 0 -0.092539 0 
-1467.94 4.75 -194.759 -0.119195 -0.00504387 0.991969 -0.042316 0.998209 0 -0.991969 -0.0419762 -0.119195 0 
-1469.76 4.10385 -209.906 -0.146236 -0.0160989 0.983105 -0.110088 0.987881 0 -0.983105 -0.108228 -0.146236 0 
-1472.04 2.38742 -225.234 -0.183561 -0.0109756 0.981188 -0.0597926 0.996425 0 -0.981188 -0.0586678 -0.183561 0 
-1474.12 1.7099 -236.352 -0.216602 -0.0219304 0.970996 -0.101248 0.989749 0 -0.970996 -0.098311 -0.216602 0 
-1476.29 0.695543 -246.08 -0.253592 -0.0228727 0.963097 -0.090195 0.991865 0 -0.963097 -0.0868666 -0.253592 0 
-1479.02 -0.27543 -256.448 -0.288683 -0.0271975 0.952778 -0.0942123 0.991124 0 -0.952778 -0.0897634 -0.288683 0 
-1481.28 -1.01299 -263.907 -0.318005 -0.0379912 0.940532 -0.119467 0.985728 0 -0.940532 -0.112363 -0.318005 0 
-1483.99 -2.03106 -271.922 -0.349751 -0.0394901 0.930014 -0.112909 0.987252 0 -0.930014 -0.105007 -0.349751 0 
-1486.7 -2.90591 -279.128 -0.387241 -0.0342748 0.91772 -0.0885103 0.992166 0 -0.91772 -0.0812277 -0.387241 0 
-1490.32 -3.73332 -287.707 -0.423637 -0.0369054 0.901633 -0.0871155 0.992411 0 -0.901633 -0.0785463 -0.423637 0 
-1494.13 -4.51681 -295.816 -0.45538 -0.047895 0.884063 -0.105176 0.988938 0 -0.884063 -0.092982 -0.45538 0 
-1497.83 -5.37136 -302.999 -0.481175 -0.0631827 0.866735 -0.131309 0.982758 0 -0.866735 -0.11381 -0.481175 0 
-1501.56 -6.38928 -309.718 -0.506029 -0.0765193 0.849157 -0.151215 0.977134 0 -0.849157 -0.128406 -0.506029 0 
-1505.3 -7.50689 -315.994 -0.532948 -0.0741247 0.834639 -0.139084 0.980656 0 -0.834639 -0.116085 -0.532948 0 
-1509.31 -8.55339 -322.274 -0.563421 -0.0579605 0.81974 -0.102872 0.989417 0 -0.81974 -0.0843287 -0.563421 0 
-1514.21 -9.44804 -329.403 -0.623722 -0.0734312 0.77273 -0.117731 0.98614 0 -0.77273 -0.090974 -0.623722 0 
-1528.94 -12.2284 -347.652 -0.677575 -0.129699 0.710107 -0.191416 0.96336 0 -0.710107 -0.135926 -0.677575 0 
-1534.25 -13.7285 -353.217 -0.706238 -0.123741 0.685951 -0.175211 0.969301 0 -0.685951 -0.120186 -0.706238 0 
-1539.02 -14.9119 -357.85 -0.744311 -0.0844373 0.658128 -0.113444 0.987131 0 -0.658128 -0.0746604 -0.744311 0 
-1547.76 -16.244 -365.578 -0.779673 -0.0769651 0.618357 -0.0987145 0.990255 0 -0.618357 -0.0610408 -0.779673 0 
-1556.02 -17.2898 -372.129 -0.79143 -0.131546 0.588227 -0.166213 0.972373 0 -0.588227 -0.0977711 -0.79143 0 
-1563.19 -18.7956 -377.458 -0.793355 -0.173991 0.567882 -0.21931 0.951903 0 -0.567882 -0.124542 -0.793355 0 
-1571.1 -20.9822 -383.12 -0.803843 -0.150663 0.564541 -0.187428 0.964871 0 -0.564541 -0.105811 -0.803843 0 
-1578.9 -22.8009 -388.598 -0.814938 -0.10598 0.564769 -0.130047 0.983088 0 -0.564769 -0.0734466 -0.814938 0 
-1586.49 -24.0121 -393.858 -0.822425 -0.102976 0.554922 -0.12521 0.984322 0 -0.554922 -0.0694818 -0.822425 0 
-1593.26 -25.0428 -398.426 -0.827292 -0.14161 0.535058 -0.171173 0.9707 0 -0.535058 -0.0915873 -0.827292 0 
-1601.28 -26.7022 -403.613 -0.830618 -0.184315 0.510719 -0.221902 0.950759 0 -0.510719 -0.113329 -0.830618 0 
-1608.41 -28.607 -407.997 -0.807652 -0.213392 0.527153 -0.264213 0.930192 0 -0.527153 -0.13928 -0.807652 14079 
-1614.52 -30.6058 -411.985 -0.828006 -0.197234 0.507608 -0.238203 0.943259 0 -0.507608 -0.120914 -0.828006 0 
-1620.73 -32.3923 -415.792 -0.866765 -0.116715 0.480193 -0.134656 0.981868 0 -0.480193 -0.064661 -0.866765 0 
-1629.47 -33.7501 -420.634 -0.887248 -0.0688273 0.454724 -0.077574 0.993982 0 -0.454724 -0.0352748 -0.887248 0 
-1637.3 -34.4347 -424.647 -0.896741 -0.138347 0.414795 -0.154278 0.976198 0 -0.414795 -0.0639936 -0.896741 0 
-1644.11 -35.6063 -427.797 -0.896319 -0.22447 0.365915 -0.250436 0.937282 0 -0.365915 -0.0916381 -0.896319 0 
-1651.51 -37.6739 -430.818 -0.916614 -0.207581 0.329442 -0.226465 0.948714 0 -0.329442 -0.074607 -0.916614 0 
-1663.41 -40.614 -435.095 -0.94194 -0.11351 0.313411 -0.120506 0.985478 0 -0.313411 -0.0377679 -0.94194 0 
-1670.04 -41.4622 -437.301 -0.95014 -0.0952896 0.295255 -0.10029 0.989942 0 -0.295255 -0.0296111 -0.95014 0 
-1676.74 -42.1694 -439.383 -0.95191 -0.133319 0.272494 -0.140054 0.980385 0 -0.272494 -0.038164 -0.95191 0 
-1684.09 -43.2508 -441.487 -0.947992 -0.177615 0.25731 -0.18736 0.964897 0 -0.25731 -0.0482095 -0.947992 0 
-1692.14 -44.8418 -443.672 -0.945993 -0.185569 0.258101 -0.196164 0.96152 0 -0.258101 -0.05063 -0.945993 0 
-1699.76 -46.4219 -445.751 -0.946022 -0.163949 0.273875 -0.173303 0.969966 0 -0.273875 -0.0474634 -0.946022 0 
-1709.38 -48.1842 -448.536 -0.942651 -0.14675 0.295253 -0.155678 0.975764 0 -0.295253 -0.0459644 -0.942651 0 
-1717.4 -49.5087 -451.048 -0.935446 -0.150609 0.314674 -0.161003 0.974078 0 -0.314674 -0.0506633 -0.935446 0 
-1725.59 -50.9183 -453.803 -0.924347 -0.164199 0.33768 -0.177637 0.968445 0 -0.33768 -0.0599846 -0.924347 0 
-1733.26 -52.3923 -456.605 -0.911227 -0.175772 0.363945 -0.192896 0.962791 0 -0.363945 -0.0702034 -0.911227 0 
-1741.67 -54.1726 -459.964 -0.897772 -0.178898 0.392807 -0.199269 0.960292 0 -0.392807 -0.0782743 -0.897772 0 
-1749.53 -55.9172 -463.403 -0.884647 -0.175318 0.422048 -0.198178 0.960725 0 -0.422048 -0.0836408 -0.884647 0 
-1757.47 -57.6959 -467.191 -0.870871 -0.170477 0.450847 -0.195754 0.96168 0 -0.450847 -0.0882553 -0.870871 0 
-1766.17 -59.6515 -471.695 -0.85606 -0.16978 0.477314 -0.198327 0.960666 0 -0.477314 -0.0946643 -0.85606 0 
-1774.96 -61.6879 -476.596 -0.842083 -0.173335 0.498524 -0.205841 0.95763 0 -0.498524 -0.102617 -0.842083 0 
-1783.85 -63.861 -481.859 -0.830832 -0.176074 0.514593 -0.211925 0.955088 0 -0.514593 -0.109055 -0.830832 0 
-1792.16 -65.9807 -487.006 -0.8244 -0.172645 0.52584 -0.209419 0.956144 0 -0.52584 -0.110121 -0.8244 0 
-1801.33 -68.3101 -492.855 -0.819923 -0.165507 0.535705 -0.201857 0.959254 0 -0.535705 -0.108136 -0.819923 0 
-1810.68 -70.612 -498.964 -0.814081 -0.162283 0.545467 -0.199345 0.960262 0 -0.545467 -0.108736 -0.814081 0 
-1820.19 -72.9407 -505.336 -0.806011 -0.164494 0.555604 -0.204084 0.95835 0 -0.555604 -0.11339 -0.806011 0 
-1829.84 -75.3841 -511.988 -0.794262 -0.163282 0.571739 -0.205578 0.957738 0 -0.571739 -0.117537 -0.794262 0 
-1839.57 -77.9025 -518.992 -0.777811 -0.153055 0.5969 -0.196777 0.961279 0 -0.5969 -0.117456 -0.777811 0 
-1849.3 -80.3641 -526.459 -0.754504 -0.144357 0.627788 -0.191327 0.963394 0 -0.627788 -0.120113 -0.754504 0 
-1858.91 -82.801 -534.455 -0.724643 -0.141451 0.6609 -0.1952 0.961897 0 -0.6609 -0.129008 -0.724643 0 
-1867.55 -85.1284 -542.335 -0.686484 -0.133531 0.700645 -0.194515 0.962164 0 -0.700645 -0.136286 -0.686484 0 
-1875.79 -87.4632 -550.745 -0.637039 -0.11754 0.748423 -0.184509 0.965956 0 -0.748423 -0.138091 -0.637039 0 
-1884.06 -89.8585 -560.461 -0.578645 -0.104037 0.795515 -0.179794 0.967674 0 -0.795515 -0.143029 -0.578645 0 
-1890.92 -91.99 -569.892 -0.512346 -0.0914806 0.840012 -0.178552 0.968119 0 -0.840012 -0.149986 -0.512346 0 
-1897.37 -94.2378 -580.467 -0.434114 -0.072494 0.885245 -0.166993 0.972113 0 -0.885245 -0.14783 -0.434114 0 
-1902.65 -96.2689 -591.234 -0.356407 -0.0560442 0.921003 -0.157247 0.975273 0 -0.921003 -0.144825 -0.356407 0 
-1906.49 -97.9631 -601.157 -0.280796 -0.0452476 0.946143 -0.16114 0.974034 0 -0.946143 -0.152462 -0.280796 0 
-1909.64 -99.7708 -611.771 -0.203234 -0.0327849 0.96575 -0.161316 0.973977 0 -0.96575 -0.155791 -0.203234 0 
-1911.84 -101.517 -622.225 -0.126344 -0.0180622 0.981631 -0.14296 0.979562 0 -0.981631 -0.140334 -0.126344 0 
-1913.17 -103.022 -632.559 -0.0578184 -0.00731579 0.990276 -0.126531 0.98399 0 -0.990276 -0.1253 -0.0578184 0 
-1913.77 -104.335 -642.835 -0.00193234 -0.0002531 0.991383 -0.130981 0.982844 0 -0.991383 -0.129853 -0.00193234 0 
-1913.79 -105.692 -653.106 0.0435182 0.00612726 0.989082 -0.140798 0.980176 -0 -0.989082 -0.13926 0.0435182 0 
-1913.23 -107.504 -665.835 0.0709035 0.00883885 0.989663 -0.12466 0.98446 -0 -0.989663 -0.123372 0.0709035 0 
-1912.42 -108.928 -677.14 0.0260525 0.00302489 0.992895 -0.116108 0.986519 -0 -0.992895 -0.115283 0.0260525 0 
-1911.44 -113.296 -714.493 -0.507445 -0.0261198 0.860146 -0.0514732 0.997351 0 -0.860146 -0.0442745 -0.507445 0 
-1921.18 -114.284 -731.003 -0.110558 -0.00919096 0.990387 -0.0831325 0.993089 0 -0.990387 -0.0823333 -0.110558 0 
-1922.24 -115.081 -740.498 -0.0423431 -0.00369805 0.995279 -0.0873354 0.992372 0 -0.995279 -0.086923 -0.0423431 0 
-1922.48 -115.576 -746.139 0.00644539 0.000610093 0.995489 -0.0946557 0.99104 -0 -0.995489 -0.0942287 0.00644539 0 
-1922.44 -116.164 -752.323 0.0502104 0.00551861 0.992673 -0.10991 0.98792 -0 -0.992673 -0.109104 0.0502104 0 
-1922.08 -116.952 -759.44 0.0931621 0.0107945 0.988886 -0.115868 0.986575 -0 -0.988886 -0.11458 0.0931621 0 
-1921.37 -117.835 -766.976 0.139752 0.0140007 0.985105 -0.100182 0.989963 -0 -0.985105 -0.0986901 0.139752 0 
-1920.3 -118.602 -774.518 0.178837 0.017992 0.978721 -0.100606 0.989878 -0 -0.978721 -0.0984649 0.178837 0 
-1919.07 -119.294 -781.25 0.232067 0.0252652 0.966588 -0.10887 0.988147 -0 -0.966588 -0.105233 0.232067 0 
-1917.16 -120.19 -789.205 0.301791 0.031199 0.947753 -0.10338 0.989313 -0 -0.947753 -0.0979782 0.301791 0 
-1914.74 -121.019 -796.805 0.364677 0.0443725 0.92315 -0.121676 0.985195 -0 -0.92315 -0.112325 0.364677 0 
-1911.62 -122.06 -804.703 0.422592 0.0648408 0.893238 -0.153436 0.976457 -0 -0.893238 -0.137055 0.422592 0 
-1907.53 -123.545 -813.348 0.469953 0.0554287 0.874776 -0.117945 0.986089 -0 -0.874776 -0.103176 0.469953 0 
-1903.41 -124.579 -821.017 0.504623 0.0496791 0.857708 -0.0984479 0.990308 -0 -0.857708 -0.0844396 0.504623 0 
-1899.74 -125.295 -827.255 0.543319 0.066527 0.830549 -0.122446 0.985007 -0 -0.830549 -0.101697 0.543319 0 
-1894.26 -126.53 -835.632 0.581189 0.0841015 0.800799 -0.144706 0.97906 -0 -0.800799 -0.11588 0.581189 0 
-1889.83 -127.633 -841.736 0.648372 0.108109 0.74284 -0.16674 0.972198 -0 -0.74284 -0.123861 0.648372 0 
-1877.62 -130.773 -855.725 0.718838 0.0813405 0.685907 -0.113156 0.987196 -0 -0.685907 -0.0776142 0.718838 0 
-1872.36 -131.601 -860.744 0.761084 0.0898066 0.63783 -0.117998 0.986077 -0 -0.63783 -0.0752629 0.761084 0 
-1864.82 -132.77 -867.063 0.799792 0.123407 0.580107 -0.154299 0.976192 -0 -0.580107 -0.0895097 0.799792 0 
-1858.46 -133.997 -871.676 0.831935 0.151844 0.523996 -0.182519 0.966687 -0 -0.523996 -0.095639 0.831935 0 
-1851.29 -135.57 -876.192 0.876762 0.124248 0.459572 -0.141712 0.979918 -0 -0.459572 -0.065127 0.876762 0 
-1838.05 -137.71 -883.132 0.909644 0.110641 0.397183 -0.121631 0.985206 -0 -0.397183 -0.0483097 0.909644 0 
-1830.19 -138.761 -886.564 0.924383 0.131669 0.353874 -0.14244 0.979711 -0 -0.353874 -0.0504057 0.924383 0 
-1820.41 -140.268 -890.308 0.936489 0.138497 0.317988 -0.14789 0.978129 -0 -0.317988 -0.0470273 0.936489 0 
-1810.12 -141.893 -893.802 0.946941 0.144505 0.282871 -0.152602 0.976713 -0 -0.282871 -0.0431665 0.946941 0 
-1800.75 -143.403 -896.601 0.9557 0.12523 0.263568 -0.131035 0.98283 -0 -0.263568 -0.0345366 0.9557 0 
-1789.27 -144.977 -899.767 0.955028 0.136072 0.26004 -0.14248 0.979699 -0 -0.26004 -0.0370504 0.955028 0 
-1776.93 -146.818 -903.127 0.946586 0.144773 0.283872 -0.152942 0.976609 -0 -0.283872 -0.0434161 0.946586 0 
-1767.77 -148.298 -905.874 0.936139 0.162539 0.305774 -0.173627 0.969853 -0 -0.305774 -0.0530908 0.936139 0 
-1759.51 -149.83 -908.572 0.931638 0.163466 0.31822 -0.175461 0.969213 -0 -0.31822 -0.0558352 0.931638 0 
-1750.85 -151.461 -911.53 0.929841 0.151683 0.329825 -0.163127 0.973389 -0 -0.329825 -0.0538035 0.929841 0 
-1742.79 -152.875 -914.389 0.927054 0.154325 0.335945 -0.166468 0.972289 -0 -0.335945 -0.0559239 0.927054 0 
-1734.47 -154.369 -917.404 0.925967 0.163649 0.333693 -0.176733 0.968765 -0 -0.333693 -0.0589746 0.925967 0 
-1726.37 -155.915 -920.323 0.926922 0.166488 0.329476 -0.179614 0.967739 -0 -0.329476 -0.0591785 0.926922 0 
-1718.02 -157.533 -923.291 0.928371 0.165667 0.326011 -0.178449 0.968156 -0 -0.326011 -0.0581763 0.928371 0 
-1707.74 -159.509 -926.901 0.926654 0.165581 0.330731 -0.178687 0.968071 -0 -0.330731 -0.0590971 0.926654 0 
-1694.21 -162.118 -931.73 0.922217 0.16631 0.342044 -0.180337 0.967478 -0 -0.342044 -0.0616832 0.922217 0 
-1685.45 -163.831 -934.979 0.917798 0.168031 0.352318 -0.183081 0.966481 -0 -0.352318 -0.0645027 0.917798 0 
-1673.98 -166.119 -939.382 0.911676 0.168902 0.366773 -0.185265 0.965677 -0 -0.366773 -0.0679504 0.911676 0 
-1664.02 -168.143 -943.389 0.902314 0.169064 0.38823 -0.187368 0.964893 -0 -0.38823 -0.0727417 0.902314 0 
-1652.52 -170.531 -948.337 0.890382 0.171698 0.412353 -0.192836 0.962814 -0 -0.412353 -0.0795165 0.890382 0 
-1639.37 -173.379 -954.427 0.879563 0.17378 0.43282 -0.197575 0.960964 -0 -0.43282 -0.0855146 0.879563 0 
-1629.26 -175.65 -959.402 0.870258 0.171656 0.451381 -0.197247 0.961093 -0 -0.451381 -0.0890338 0.870258 0 
-1618.23 -178.15 -965.123 0.859452 0.166022 0.473315 -0.193172 0.962685 -0 -0.473315 -0.091431 0.859452 0 
-1609.83 -180.038 -969.749 0.845482 0.162503 0.498215 -0.192202 0.963058 -0 -0.498215 -0.0957578 0.845482 0 
-1599.95 -182.284 -975.571 0.82358 0.164325 0.530948 -0.199525 0.96019 -0 -0.530948 -0.105937 0.82358 0 
-1587.93 -185.196 -983.32 0.793361 0.167248 0.571085 -0.210809 0.95556 -0 -0.571085 -0.12039 0.793361 0 
-1574.57 -188.746 -992.937 0.754876 0.154497 0.623116 -0.204665 0.958112 -0 -0.623116 -0.12753 0.754876 0 
-1562.9 -191.91 -1002.57 0.712039 0.13886 0.674514 -0.195017 0.961969 -0 -0.674514 -0.131542 0.712039 0 
-1554.36 -194.249 -1010.66 0.657594 0.131809 0.726219 -0.200441 0.959823 -0 -0.726219 -0.145564 0.657594 0 
-1543.34 -197.608 -1022.83 0.591979 0.125821 0.777423 -0.212543 0.954825 -0 -0.777423 -0.165236 0.591979 0 
-1535.04 -200.588 -1033.73 0.528599 0.107796 0.824013 -0.203928 0.958413 -0 -0.824013 -0.16804 0.528599 0 
-1527.65 -203.439 -1045.25 0.461841 0.0873801 0.866549 -0.1892 0.964204 -0 -0.866549 -0.163951 0.461841 0 
-1519.89 -206.618 -1059.81 0.396625 0.0735232 0.899069 -0.185372 0.965637 -0 -0.899069 -0.166662 0.396625 0 
-1514.68 -209.053 -1071.62 0.335289 0.0591592 0.925445 -0.176443 0.968868 -0 -0.925445 -0.163288 0.335289 0 
-1510.26 -211.379 -1083.82 0.263988 0.0429871 0.950681 -0.162837 0.973484 -0 -0.950681 -0.154806 0.263988 0 
-1505.27 -214.457 -1101.79 0.202374 0.0329909 0.965644 -0.163019 0.973425 -0 -0.965644 -0.157419 0.202374 0 
-1502.38 -216.785 -1115.58 0.152091 0.0230746 0.976653 -0.151716 0.976982 -0 -0.976653 -0.148174 0.152091 0 
-1500.34 -218.82 -1128.68 0.0956756 0.0125665 0.986709 -0.131344 0.982749 -0 -0.986709 -0.129599 0.0956756 0 
-1498.87 -220.838 -1143.84 0.0459043 0.00593018 0.990557 -0.129186 0.983311 -0 -0.990557 -0.127966 0.0459043 0 
-1498.16 -222.836 -1159.16 0.187971 0.0137942 0.979429 -0.0733847 0.994615 -0 -0.979429 -0.0718752 0.187971 0 
-1494.93 -224.097 -1175.99 0.136628 0.0140052 0.985305 -0.102506 0.989492 -0 -0.985305 -0.101 0.136628 0 
-1493.04 -225.515 -1189.62 -0.00678403 -0.000650709 0.995366 -0.0959177 0.9908 0 -0.995366 -0.0954732 -0.00678403 0 
-1493.13 -226.787 -1202.82 -0.0849121 9.92201e-005 0.996388 0.0011685 0.999999 0 -0.996388 0.00116428 -0.0849121 0 
-1494.22 -226.772 -1215.61 -0.0168039 4.20358e-005 0.999856 0.00250155 0.999994 0 -0.999856 0.00250119 -0.0168039 0 
-1494.67 -226.705 -1242.39 -0.00595461 -3.54623e-005 0.999965 -0.00595544 0.999965 0 -0.999965 -0.00595522 -0.00595461 0 
-1494.78 -226.815 -1260.86 -0.0473481 6.1435e-005 0.998878 0.00129752 0.999998 0 -0.998878 0.00129606 -0.0473481 0 
-1495.51 -226.795 -1276.26 -0.00804665 9.00861e-006 0.999967 0.00111955 0.999999 0 -0.999967 0.00111951 -0.00804665 0 
-1495.74 -226.763 -1304.84 -0.074621 7.80521e-005 0.997211 0.00104598 0.999999 0 -0.997211 0.00104306 -0.074621 0 
-1496.81 -226.748 -1319.14 -0.00313073 -2.43538e-007 0.999995 -7.77895e-005 1 0 -0.999995 -7.77891e-005 -0.00313073 0 
-1496.85 -226.749 -1331.89 -0.0110389 1.27539e-005 0.999938 0.00115536 0.999999 0 -0.999938 0.00115529 -0.0110389 0 
-1497.06 -226.727 -1350.92 0.0175542 2.12373e-005 0.999845 -0.00120981 0.999999 -0 -0.999845 -0.00120962 0.0175542 0 
-1496.77 -226.747 -1367.44 0.0296754 1.88706e-006 0.99956 -6.35901e-005 1 -0 -0.99956 -6.35621e-005 0.0296754 0 
-1496.3 -226.748 -1383.27 -0.0336746 1.32007e-005 0.999433 0.000392009 1 0 -0.999433 0.000391787 -0.0336746 0 
-1496.73 -226.743 -1396.03 -0.148693 -0.00474118 0.988369 -0.0318857 0.998983 0 -0.988369 -0.0315148 -0.148693 0 
-1498.6 -227.144 -1408.46 -0.0291505 -0.000221378 0.999546 -0.00759431 0.999942 0 -0.999546 -0.00759086 -0.0291505 0 
-1498.98 -227.243 -1421.49 -0.095369 -0.000568515 0.995424 -0.00596122 0.999965 0 -0.995424 -0.00593394 -0.095369 0 
-1500.1 -227.313 -1433.18 -0.165982 8.83473e-005 0.986129 0.000532271 1 0 -0.986129 0.000524888 -0.165982 0 
-1501.97 -227.307 -1444.29 -0.243673 0.00119941 0.969845 0.00492221 0.999976 0 -0.969845 0.00477378 -0.243673 0 
-1504.99 -227.246 -1456.31 -0.311412 0.00114084 0.950268 0.00366345 0.999987 0 -0.950268 0.00348126 -0.311412 0 
-1507.71 -227.214 -1464.61 -0.365041 -0.00010859 0.930991 -0.000297472 1 0 -0.930991 -0.000276944 -0.365041 0 
-1511.38 -227.217 -1473.97 -0.419248 -0.00128294 0.907867 -0.00306009 0.999991 0 -0.907867 -0.00277815 -0.419248 0 
-1515.49 -227.247 -1482.87 -0.472248 -0.00114528 0.881462 -0.00242516 0.999994 0 -0.881462 -0.00213769 -0.472248 0 
-1520.36 -227.272 -1491.96 -0.52358 0.000290442 0.851976 0.000554724 1 0 -0.851976 0.000472611 -0.52358 0 
-1526.02 -227.266 -1501.17 -0.481835 0.00979586 0.876026 0.0203303 0.999587 0 -0.876026 0.0178099 -0.481835 0 
-1538.06 -226.758 -1523.06 -0.48772 0.000101799 0.873 0.000208723 1 0 -0.873 0.000182216 -0.48772 0 
-1554.39 -226.751 -1552.29 -0.439925 -0.00765559 0.897866 -0.017402 0.999697 0 -0.897866 -0.0156247 -0.439925 0 
-1566.6 -227.234 -1577.21 -0.254507 0.000271743 0.96707 0.00106772 0.999999 0 -0.96707 0.00103256 -0.254507 0 
-1574.94 -227.199 -1608.9 -0.226601 -0.000595495 0.973984 -0.00262795 0.999993 0 -0.973984 -0.00255958 -0.226601 0 
-1585.2 -227.318 -1653 -0.254804 -5.71882e-005 0.966993 -0.00022444 1 0 -0.966993 -0.000217032 -0.254804 0 
-1597.69 -227.329 -1700.4 -0.309842 -0.000356371 0.950787 -0.00115017 0.999999 0 -0.950787 -0.00109357 -0.309842 0 
-1611.97 -227.382 -1744.22 -0.31383 0.000995952 0.949474 0.00317354 0.99999 0 -0.949474 0.00301319 -0.31383 0 
-1628.09 -227.219 -1792.99 -0.27732 -0.00016877 0.960777 -0.000608576 1 0 -0.960777 -0.000584706 -0.27732 0 
-1641.76 -227.249 -1840.35 -0.219903 -1.07268e-005 0.975522 -4.87799e-005 1 0 -0.975522 -4.75859e-005 -0.219903 0 
-1650.84 -227.251 -1880.63 -0.162007 0.000466222 0.986785 0.0028778 0.999992 0 -0.986785 0.00283977 -0.162007 0 
-1659.96 -227.089 -1936.18 -0.150879 -0.000598267 0.988544 -0.00396522 0.999984 0 -0.988544 -0.0039198 -0.150879 0 
-1667.57 -227.289 -1986.04 -0.119236 2.72294e-005 0.992866 0.000228366 1 0 -0.992866 0.000226737 -0.119236 0 
-1673.84 -227.277 -2038.25 -0.0744092 3.24713e-005 0.997228 0.000436388 1 0 -0.997228 0.000435178 -0.0744092 0 
-1677.42 -227.256 -2086.23 -0.0784682 0.000177254 0.996914 0.00225892 0.999995 0 -0.996914 0.00225195 -0.0784682 0 
-1681.38 -227.142 -2136.54 -0.0897943 -0.000187185 0.995958 -0.0020846 0.999996 0 -0.995958 -0.00207617 -0.0897943 0 
-1685.86 -227.246 -2186.23 -0.0652732 2.32214e-005 0.997867 0.000355757 1 0 -0.997867 0.000354998 -0.0652732 0 
-1688.43 -227.232 -2225.52 -0.00683399 -2.84942e-006 0.999977 -0.000416949 1 0 -0.999977 -0.000416939 -0.00683399 0 
-1688.84 -227.257 -2285.5 0.00425285 -5.6521e-006 0.99999 0.00132901 0.999998 -0 -0.99999 0.001329 0.00425285 0 
-1688.6 -227.182 -2341.93 0.00124066 -2.6196e-006 0.999997 0.00211146 0.999995 -0 -0.999997 0.00211145 0.00124066 0 
-1688.54 -227.08 -2390.24 -0.0252461 -3.62527e-005 0.99968 -0.00143598 0.999998 0 -0.99968 -0.00143552 -0.0252461 0 
-1689.63 -227.142 -2433.4 -0.0182174 -0.000114128 0.999814 -0.00626479 0.999961 0 -0.999814 -0.00626363 -0.0182174 0 
-1690.2 -227.338 -2464.68 0.0264359 -3.35724e-005 0.99965 0.00126996 0.999998 -0 -0.99965 0.00126951 0.0264359 0 
-1688.93 -227.277 -2512.7 0.074869 -3.08086e-005 0.997193 0.0004115 1 -0 -0.997193 0.000410345 0.074869 0 
-1685.11 -227.256 -2563.58 0.0663701 -0.000115692 0.997793 0.00174314 0.999997 -0 -0.997793 0.00173929 0.0663701 0 
-1682.14 -227.178 -2608.23 -0.00743024 -1.10405e-005 0.999971 -0.00148589 0.999998 0 -0.999971 -0.00148584 -0.00743024 0 
-1682.56 -227.262 -2664.76 -0.0567317 6.46807e-005 0.998389 0.00114011 0.999999 0 -0.998389 0.00113828 -0.0567317 0 
-1684.5 -227.223 -2698.9 -0.0970175 -0.000236834 0.99528 -0.00244115 0.999994 0 -0.99528 -0.00242963 -0.0970175 0 
-1685.97 -227.26 -2713.98 -0.130178 9.33733e-006 0.991491 7.17275e-005 1 0 -0.991491 7.11172e-005 -0.130178 0 
-1687.77 -227.259 -2727.69 -0.165044 0.000197768 0.986285 0.00119827 0.999999 0 -0.986285 0.00118184 -0.165044 0 
-1690.25 -227.241 -2742.51 -0.205715 -0.000104431 0.978612 -0.000507648 1 0 -0.978612 -0.000496791 -0.205715 0 
-1692.68 -227.247 -2754.07 -0.255548 -0.0001512 0.966796 -0.00059167 1 0 -0.966796 -0.000572025 -0.255548 0 
-1696.14 -227.255 -2767.16 -0.313396 0.000123199 0.949622 0.000393111 1 0 -0.949622 0.000373307 -0.313396 0 
-1700.13 -227.25 -2779.25 -0.365625 9.65965e-005 0.930762 0.000264196 1 0 -0.930762 0.000245903 -0.365625 0 
-1704.29 -227.247 -2789.84 -0.410483 -3.87417e-005 0.911868 -9.43809e-005 1 0 -0.911868 -8.6063e-005 -0.410483 0 
-1708.67 -227.248 -2799.57 -0.4515 0.00198176 0.89226 0.00438929 0.999981 0 -0.89226 0.00391639 -0.4515 0 
-1713.71 -227.199 -2809.53 -0.501597 0.0138598 0.86466 0.0276314 0.999236 0 -0.86466 0.0238918 -0.501597 -7937 
-1720.59 -226.82 -2821.39 -0.5453 0.0428792 0.834545 0.0786342 0.993817 0 -0.834545 0.0656237 -0.5453 0 
-1725.68 -226.086 -2829.18 -0.579674 0.064189 0.807289 0.110733 0.987738 0 -0.807289 0.0893935 -0.579674 0 
-1731.92 -224.894 -2837.87 -0.614228 0.0499317 0.78493 0.0812918 0.993392 0 -0.78493 0.0638084 -0.614228 0 
-1740.7 -223.732 -2849.09 -0.628333 0.140956 0.744897 0.224333 0.949674 0 -0.744897 0.167105 -0.628333 -21761 
-1745.82 -221.904 -2855.16 -0.682818 0.117325 0.710095 0.171825 0.970476 0 -0.710095 0.122012 -0.682818 -15617 
-1752.83 -220.14 -2862.45 -0.754823 0.107408 0.640307 0.142295 0.979752 0 -0.640307 0.0911128 -0.754823 -22145 
-1764.76 -217.891 -2872.57 -0.774272 0.180488 0.588357 0.233107 0.945661 0 -0.588357 0.13715 -0.774272 -32641 
-1771.34 -215.91 -2877.57 -0.89415 0.0557257 0.44341 0.0623226 0.996116 0 -0.44341 0.0276344 -0.89415 -32641 
-1782.33 -215.144 -2883.02 -0.9679 0.115523 0.22119 0.119354 0.985755 0 -0.22119 0.0263999 -0.9679 -32129 
-1795.37 -213.536 -2886 -0.938071 0.312901 0.0936057 0.333558 0.888739 0 -0.0936057 0.0312229 -0.938071 -32641 
-1808.9 -208.725 -2887.35 -0.974244 0.209398 -0.0682088 0.214934 0.953803 0 0.0682088 -0.0146604 -0.974244 -27777 
-1821.9 -205.857 -2886.44 -0.976064 0.039883 -0.213611 0.040861 0.99833 0 0.213611 -0.00872834 -0.976064 -25473 
-1830.81 -205.484 -2884.49 -0.935852 -0.010596 -0.352211 -0.0113223 0.999872 0 0.352211 0.00398786 -0.935852 -25473 
-1838.25 -205.574 -2881.69 -0.83455 0.0429451 -0.548523 0.0514589 0.997352 0 0.548523 -0.0282264 -0.83455 -26113 
-1844.64 -205.18 -2877.49 -0.765284 0.170339 -0.603984 0.222583 0.950457 0 0.603984 -0.134436 -0.765284 -26369 
-1850.76 -203.4 -2872.66 -0.766062 0.0884453 -0.632312 0.115454 0.98667 0 0.632312 -0.0730032 -0.766062 -26625 
-1859.18 -202.131 -2865.71 -0.484268 0.0957658 -0.852278 0.197754 0.960893 0 0.852278 -0.168541 -0.484268 -26625 
-1863.97 -200.175 -2857.28 -0.38049 0.0386055 -0.919202 0.101463 0.989705 0 0.919202 -0.0932648 -0.38049 0 
-1867 -199.367 -2849.96 -0.375333 0.0239151 -0.924697 0.0637171 0.99594 0 0.924697 -0.058919 -0.375333 -12289 
-1869.48 -198.946 -2843.85 -0.341554 0.0171433 -0.938521 0.0501921 0.997481 0 0.938521 -0.0471064 -0.341554 -11777 
-1871.78 -198.608 -2837.53 -0.247987 0.00930293 -0.968037 0.0375138 0.998593 0 0.968037 -0.0363147 -0.247987 -4097 
-1873.75 -198.31 -2829.84 -0.101821 0.0102223 -0.989724 0.100395 0.989921 0 0.989724 -0.0993633 -0.101821 -7425 
-1874.25 -197.817 -2824.98 -0.0993145 0.00754548 -0.992151 0.0759756 0.994228 0 0.992151 -0.0753793 -0.0993145 -9985 
-1875.25 -197.052 -2814.99 -0.0927965 0.00337283 -0.995021 0.0363465 0.998679 0 0.995021 -0.0361655 -0.0927965 -16897 
-1875.97 -196.77 -2807.27 -0.0781443 0.000958002 -0.996867 0.0122594 0.99985 0 0.996867 -0.012221 -0.0781443 -16897 
-1876.55 -196.679 -2799.87 -0.0762413 0.000581301 -0.99706 0.00762448 0.999942 0 0.99706 -0.00760207 -0.0762413 -16897 
-1877.21 -196.613 -2791.24 -0.044825 0.00136855 -0.998528 0.0305309 0.999068 0 0.998528 -0.0304859 -0.044825 -16641 
-1877.53 -196.395 -2784.11 -0.0155105 0.000826831 -0.998458 0.0533077 0.997158 0 0.998458 -0.0532255 -0.0155105 -16129 
-1877.64 -196.017 -2777.03 0.00296021 -0.000291517 -0.995135 0.0984788 0.990302 0 0.995135 -0.0979996 0.00296021 -15873 
-1877.62 -195.351 -2770.3 0.126225 -0.00418338 -0.991448 0.0331422 0.998902 0 0.991448 -0.0328588 0.126225 -15873 
-1875.83 -194.881 -2756.24 0.380624 0.0142112 -0.923976 -0.0373367 0.998606 0 0.923976 0.0344982 0.380624 0 
-1873.21 -195.138 -2749.88 0.451259 -0.022668 -0.890978 0.0502329 0.997477 0 0.890978 -0.0447564 0.451259 0 
-1870.47 -194.833 -2744.47 0.531451 -0.0870072 -0.831118 0.163716 0.973197 0 0.831118 -0.136068 0.531451 0 
-1866.87 -193.724 -2738.84 0.612861 -0.145553 -0.753655 0.237497 0.943595 0 0.753655 -0.178991 0.612861 0 
-1861.82 -191.767 -2732.63 0.718956 -0.111048 -0.677677 0.154458 0.976143 0 0.677677 -0.104672 0.718956 0 
-1855.55 -190.42 -2726.72 0.892523 -0.0552881 -0.446727 0.0619458 0.996163 0 0.446727 -0.0276728 0.892523 0 
-1845.94 -189.753 -2721.91 0.951966 -0.238302 -0.176343 0.250326 0.937337 0 0.176343 -0.0441432 0.951966 0 
-1839.3 -188.007 -2720.68 0.992634 -0.118293 -0.0218152 0.119171 0.985798 0 0.0218152 -0.00259972 0.992634 0 
-1828.38 -186.696 -2720.44 0.996612 -0.0795439 -0.0198319 0.0798142 0.99363 0 0.0198319 -0.00158287 0.996612 0 
-1821.35 -186.133 -2720.3 0.994999 -0.0983264 -0.014561 0.0988207 0.990235 0 0.014561 -0.00143892 0.994999 0 
-1811.09 -185.114 -2720.15 0.989103 -0.128803 -0.0686854 0.130222 0.983042 0 0.0686854 -0.00894435 0.989103 0 
-1790.21 -182.365 -2718.7 0.996706 -0.00585209 -0.0808928 0.00587144 0.999966 0 0.0808928 -0.000474957 0.996706 0 
-1761.01 -182.193 -2716.33 0.996956 -0.00169445 -0.0779491 0.00169962 0.999997 0 0.0779491 -0.000132484 0.996956 0 
-1746.94 -182.169 -2715.23 0.997667 -6.82476e-005 -0.068271 6.84072e-005 1 0 0.068271 -4.67023e-006 0.997667 0 
-1703.1 -182.166 -2712.23 0.999354 0.00382332 -0.0357483 -0.0038258 0.999985 0 0.0357483 0.000136766 0.999354 0 
-1651.38 -182.364 -2710.38 0.996523 0.00408389 -0.0832174 -0.00409814 0.999983 0 0.0832174 0.000341037 0.996523 0 
-1603.72 -182.56 -2706.4 0.997311 -0.00605344 -0.0730335 0.00606976 0.999963 0 0.0730335 -0.000443296 0.997311 0 
-1562.48 -182.309 -2703.38 0.999493 -0.00552409 -0.0313429 0.00552689 0.999969 0 0.0313429 -0.000173229 0.999493 0 
-1526.13 -182.108 -2702.24 0.999176 0.00213101 -0.0405221 -0.00213276 0.999995 0 0.0405221 8.64241e-005 0.999176 0 
-1488.65 -182.188 -2700.72 0.996319 0.00219123 -0.0856926 -0.00219932 0.999995 0 0.0856926 0.000188466 0.996319 0 
SPLIT
2 
-1453.77 -182.265 -2697.72 0.995211 -2.77263e-005 -0.0977508 2.78597e-005 1 0 0.0977508 -2.72331e-006 0.995211 0 
-1418.34 -182.264 -2694.24 0.991811 -0.000733192 -0.127711 0.000739246 0.999999 0 0.127711 -9.44096e-005 0.991811 0 
-1390.15 -182.243 -2690.61 0.986222 0.000572831 -0.165426 -0.000580834 1 0 0.165426 9.60852e-005 0.986222 0 
-1369.76 -182.255 -2687.19 0.980534 -0.00047602 -0.196348 0.00048547 1 0 0.196348 -9.5321e-005 0.980534 0 
