2.46584 0.448202 -194.032 -0.0139714 0.000375187 -0.999542 0.026854 0.999279 0 0.999542 -0.0268417 -0.0139714 0 
2.20303 0.953343 -175.23 -0.00402955 8.671e-005 -0.99976 0.0215185 0.999537 0 0.99976 -0.0215134 -0.00402955 -32641 
2.07887 1.61638 -144.425 0.024707 -3.87868e-005 -0.999694 0.00156987 0.999998 0 0.999694 -0.00156939 0.024707 -32641 
3.22635 1.68929 -97.9958 0.00349067 -3.59491e-006 -0.999993 0.00102986 0.999999 0 0.999993 -0.00102986 0.00349067 -32641 
3.38823 1.73705 -51.621 0.0287288 -9.46514e-006 -0.999587 0.000329465 1 0 0.999587 -0.000329329 0.0287288 -32641 
4.95866 1.75506 3.02045 -0.07645 3.08007e-005 -0.997073 0.000402887 1 0 0.997073 -0.000401708 -0.07645 -32641 
0.387442 1.77915 62.639 0.00228686 -5.44852e-007 -0.999997 0.000238253 1 0 0.999997 -0.000238252 0.00228686 -32641 
0.546105 1.79568 132.019 -0.0253363 -2.38246e-006 -0.999679 -9.40334e-005 1 0 0.999679 9.40032e-005 -0.0253363 -32641 
-1.0894 1.78961 196.55 -0.0484577 3.96759e-006 -0.998825 8.18774e-005 1 0 0.998825 -8.17812e-005 -0.0484577 -32641 
-4.90668 1.79606 275.233 -0.0493664 6.76276e-006 -0.998781 0.000136991 1 0 0.998781 -0.000136824 -0.0493664 -32641 
-8.76977 1.80678 353.391 -0.195436 7.2557e-006 -0.980716 3.71256e-005 1 0 0.980716 -3.64097e-005 -0.195436 -32641 
SPLIT
3 
-23.7203 1.80962 428.414 -0.441499 -0.00815043 -0.897072 -0.0184608 0.999659 0 0.897072 0.0165607 -0.441499 -32641 
-56.2124 0.450996 494.434 -0.595927 -0.00143193 -0.803035 -0.00240286 0.999994 0 0.803035 0.00192958 -0.595927 -32641 
-81.0176 0.350978 527.86 -0.768768 -0.000545818 -0.639527 -0.00070999 0.999999 0 0.639527 0.000454058 -0.768768 0 
-123.622 0.311631 563.302 -0.957344 0.000646019 -0.288948 0.000674803 0.999999 0 0.288948 -0.000194983 -0.957344 -32641 
-192.212 0.359978 584.004 -0.977096 -0.000786281 -0.212799 -0.000804713 0.999999 0 0.212799 0.000171242 -0.977096 -32641 
-233.431 0.326031 592.981 -0.994956 -0.0151022 -0.0991606 -0.0151787 0.99977 0 0.0991606 0.00150513 -0.994956 0 
-316.661 -0.9437 601.276 -0.996475 0.00087467 -0.0838907 0.000877764 0.999999 0 0.0838907 -7.36362e-005 -0.996475 -32641 
-350.716 -0.913702 604.143 -0.998435 -0.00159149 0.0559058 -0.00159398 0.999998 0 -0.0559058 -8.9113e-005 -0.998435 -32641 
-373.451 -0.949998 602.87 -0.995362 0.000352532 0.0962041 0.000354174 1 0 -0.0962041 3.4073e-005 -0.995362 0 
-395.209 -0.942256 600.767 -0.998965 -0.000593339 0.0454744 -0.000593954 1 0 -0.0454744 -2.70097e-005 -0.998965 0 
-408.676 -0.950263 600.154 -0.999997 0.00107748 0.00218403 0.00107749 0.999999 0 -0.00218403 2.35327e-006 -0.999997 0 
-432.486 -0.924608 600.102 -0.998782 -0.0017845 0.0493137 -0.00178667 0.999997 0 -0.0493137 -8.81075e-005 -0.998782 -32641 
-446.623 -0.949897 599.404 -0.999435 5.41553e-005 -0.0336073 5.41859e-005 1 0 0.0336073 -1.82104e-006 -0.999435 0 
-465.805 -0.948857 600.049 -0.999774 -3.12773e-005 -0.0212707 -3.12844e-005 1 0 0.0212707 6.6544e-007 -0.999774 0 
-501.949 -0.949988 600.818 -0.999844 -3.12408e-007 0.0176819 -3.12457e-007 1 0 -0.0176819 -5.52484e-009 -0.999844 -32641 
CONVERGE
-18.4944 -0.949415 382.724 -0.37663 0.000401778 -0.926363 0.00106677 0.999999 0 0.926363 -0.000988217 -0.37663 0 
-30.1308 -0.916456 411.345 -0.428362 -0.000418391 -0.903607 -0.000976722 0.999999 0 0.903607 0.000882573 -0.428362 0 
-43.7173 -0.947435 440.005 -0.458555 0.000743566 -0.888665 0.00162154 0.999997 0 0.888665 -0.00144101 -0.458555 0 
-60.9895 -0.886357 473.478 -0.564298 -0.000572051 -0.825571 -0.00101374 0.999999 0 0.825571 0.000836913 -0.564298 -13697 
-78.2061 -0.917286 498.666 -0.69807 0.00216393 -0.716022 0.00309988 0.99999 0 0.716022 -0.00221958 -0.69807 -12033 
-95.5374 -0.840324 516.443 -0.778479 -0.0025128 -0.627663 -0.00322783 0.99999 0 0.627663 0.00202599 -0.778479 -9985 
-118.278 -0.934614 534.778 -0.863086 0.000961041 -0.505055 0.00111349 0.999999 0 0.505055 -0.000562376 -0.863086 0 
-135.167 -0.912825 544.661 -0.941545 0.00148221 -0.336883 0.00157423 0.999997 0 0.336883 -0.000530333 -0.941545 0 
-157.238 -0.875923 552.558 -0.982779 -0.000185505 -0.184784 -0.000188756 1 0 0.184784 3.4879e-005 -0.982779 0 
-182.714 -0.880816 557.348 -0.98045 -0.0015409 -0.19676 -0.00157163 0.999997 0 0.19676 0.000309234 -0.98045 0 
-214.53 -0.931816 563.733 -0.993693 -0.000331994 -0.112135 -0.000334101 1 0 0.112135 3.74642e-005 -0.993693 0 
-245.59 -0.942259 567.238 -0.993366 -0.000217992 -0.114992 -0.000219448 1 0 0.114992 2.52348e-005 -0.993366 0 
-274.443 -0.948633 570.578 -0.994582 0.000274735 -0.103953 0.000276231 1 0 0.103953 -2.8715e-005 -0.994582 0 
-300.295 -0.941453 573.28 -0.999349 0.000302568 -0.0360788 0.000302765 1 0 0.0360788 -1.09234e-005 -0.999349 0 
-328.437 -0.932927 574.296 -0.999969 -0.00028863 -0.0078682 -0.000288639 1 0 0.0078682 2.27107e-006 -0.999969 0 
-355.501 -0.940739 574.509 -0.999998 -3.33046e-005 0.0021088 -3.33046e-005 1 0 -0.0021088 -7.02327e-008 -0.999998 0 
-376.34 -0.941433 574.465 -0.999918 -1.83512e-005 0.0127733 -1.83527e-005 1 0 -0.0127733 -2.34424e-007 -0.999918 0 
-404.291 -0.941946 574.108 -0.99997 -0.000111783 -0.0077224 -0.000111787 1 0 0.0077224 8.63261e-007 -0.99997 0 
-432.522 -0.945102 574.326 -0.999211 0.000122936 -0.0397106 0.000123033 1 0 0.0397106 -4.88573e-006 -0.999211 0 
-462.969 -0.941353 575.536 -0.981996 -0.000268675 -0.1889 -0.000273601 1 0 0.1889 5.16831e-005 -0.981996 0 
-486.539 -0.94792 580.07 -0.936816 -3.39633e-005 -0.349822 -3.6254e-005 1 0 0.349822 1.26825e-005 -0.936816 0 
CONVERGE
-7.2271 -0.942307 385.708 -0.0424538 4.93404e-005 -0.999098 0.00116221 0.999999 0 0.999098 -0.00116116 -0.0424538 0 
-8.16146 -0.916728 407.697 -0.241434 0.00023035 -0.970417 0.000954092 0.999999 0 0.970417 -0.000925866 -0.241434 0 
-14.757 -0.890664 434.207 -0.343608 -0.000100316 -0.939113 -0.00029195 1 0 0.939113 0.000274174 -0.343608 0 
-22.7355 -0.897443 456.013 -0.457607 0.000230704 -0.889155 0.000504154 1 0 0.889155 -0.00044827 -0.457607 0 
-36.6574 -0.882105 483.064 -0.507612 0.00066524 -0.861585 0.00131053 0.999998 0 0.861585 -0.00112913 -0.507612 0 
-53.8426 -0.837737 512.233 -0.634759 -0.00229568 -0.772701 -0.00361661 0.999987 0 0.772701 0.00279456 -0.634759 0 
-69.6701 -0.927916 531.5 -0.713553 0.000681897 -0.700601 0.000955636 0.999999 0 0.700601 -0.00066952 -0.713553 0 
-89.7811 -0.900982 551.246 -0.818237 0.000848472 -0.57488 0.00103695 0.999999 0 0.57488 -0.000596122 -0.818237 0 
-113.347 -0.871117 567.803 -0.872461 -0.00103364 -0.488683 -0.00118474 0.999999 0 0.488683 0.000578963 -0.872461 0 
-137.74 -0.904241 581.466 -0.909834 0.000797699 -0.414971 0.000876752 0.999999 0 0.414971 -0.000363826 -0.909834 0 
-162.134 -0.880734 592.592 -0.954902 0.0017475 -0.296915 0.00183003 0.999997 0 0.296915 -0.000543362 -0.954902 0 
-195.948 -0.815931 603.106 -0.979996 -0.00246539 -0.199 -0.00251572 0.999994 0 0.199 0.000500627 -0.979996 0 
-231.016 -0.905953 610.227 -0.97897 -0.000664631 -0.204005 -0.000678908 1 0 0.204005 0.000138501 -0.97897 0 
-263.945 -0.928789 617.089 -0.989016 -0.000166088 -0.147807 -0.000167932 1 0 0.147807 2.48215e-005 -0.989016 0 
-301.637 -0.935189 622.722 -0.998006 0.000529774 -0.0631255 0.000530832 1 0 0.0631255 -3.35091e-005 -0.998006 0 
-340.767 -0.914376 625.197 -0.999939 -0.000507053 -0.011013 -0.000507083 1 0 0.011013 5.58449e-006 -0.999939 0 
-373.724 -0.931089 625.56 -0.999752 0.000349223 -0.0222887 0.00034931 1 0 0.0222887 -7.78567e-006 -0.999752 0 
-406.738 -0.919554 626.296 -0.999955 -0.000404291 -0.00946512 -0.000404309 1 0 0.00946512 3.82683e-006 -0.999955 0 
-440.436 -0.933179 626.615 -0.993649 -0.000206531 0.112523 -0.000207851 1 0 -0.112523 -2.3388e-005 -0.993649 0 
-465.4 -0.938401 623.788 -0.975972 -0.000339383 0.217896 -0.000347739 1 0 -0.217896 -7.57708e-005 -0.975972 0 
-487.446 -0.946256 618.866 -0.942561 -6.29495e-005 0.334035 -6.67856e-005 1 0 -0.334035 -2.23087e-005 -0.942561 0 
CONVERGE
-540.286 -0.95 600.14 -0.999745 4.41512e-006 -0.0225806 4.41625e-006 1 0 0.0225806 -9.97214e-008 -0.999745 0 
-582.169 -0.949815 601.086 -0.973579 0.0313659 -0.226064 0.0322171 0.998962 0 0.226064 -0.00728312 -0.973579 -32641 
SPLIT
3 
-665.817 1.81821 620.509 -0.964941 7.4161e-005 -0.262466 7.68554e-005 1 0 0.262466 -2.01719e-005 -0.964941 -32641 
-751.695 1.82505 643.868 -0.982603 -0.000183166 -0.185719 -0.000186409 1 0 0.185719 3.46197e-005 -0.982603 -32641 
-835.771 1.8091 659.759 -0.98608 0.000373071 0.166269 0.000378337 1 0 -0.166269 6.29058e-005 -0.98608 -32641 
-897.307 1.83271 649.383 -0.956505 -0.000167176 0.291717 -0.000174778 1 0 -0.291717 -5.09859e-005 -0.956505 -32641 
-979.397 1.81771 624.347 -0.990742 -0.0217462 0.133975 -0.0219494 0.999518 0 -0.133975 -0.00294067 -0.990742 -32641 
-1047.12 0.317336 615.189 -0.986412 -0.0896626 -0.136852 -0.0908977 0.991737 0 0.136852 0.0124395 -0.986412 -32641 
-1060.75 -0.938666 617.08 -0.997863 -0.000412336 -0.065337 -0.000413219 1 0 0.065337 2.69985e-005 -0.997863 0 
-1073.09 -0.943776 617.888 -0.990321 0.00138252 -0.138789 0.00139603 0.999998 0 0.138789 -0.000193753 -0.990321 0 
-1084.25 -0.928044 619.452 -0.993732 -0.000980834 -0.111781 -0.00098702 0.999999 0 0.111781 0.00011033 -0.993732 0 
-1096.98 -0.940688 620.884 -0.999513 -0.000231909 -0.0312055 -0.000232022 1 0 0.0312055 7.24036e-006 -0.999513 0 
-1108.96 -0.943469 621.258 -0.991154 0.000739574 -0.132717 0.000746175 0.999999 0 0.132717 -9.90304e-005 -0.991154 0 
-1123.59 -0.932455 623.217 -0.996951 -0.000247707 -0.0780332 -0.000248464 1 0 0.0780332 1.93885e-005 -0.996951 0 
-1137.12 -0.935827 624.276 -0.998494 0.000247099 -0.0548612 0.000247471 1 0 0.0548612 -1.35766e-005 -0.998494 0 
-1152.19 -0.932092 625.104 -0.999074 0.000161301 -0.0430378 0.00016145 1 0 0.0430378 -6.94846e-006 -0.999074 0 
-1168.44 -0.929466 625.804 -0.998517 0.000806113 -0.0544284 0.00080731 0.999999 0 0.0544284 -4.39405e-005 -0.998517 0 
-1182.18 -0.918357 626.553 -0.997798 -0.000123309 -0.0663323 -0.000123581 1 0 0.0663323 8.19745e-006 -0.997798 0 
-1197.9 -0.920304 627.598 -0.999431 -0.00111401 -0.0337049 -0.00111465 0.999999 0 0.0337049 3.75692e-005 -0.999431 0 
-1214.06 -0.938327 628.143 -0.999835 -6.25242e-005 0.0181731 -6.25346e-005 1 0 -0.0181731 -1.13645e-006 -0.999835 0 
-1230.4 -0.939349 627.846 -0.999124 0.000501974 0.0418495 0.000502414 1 0 -0.0418495 2.10258e-005 -0.999124 0 
-1271.75 -0.918556 626.114 -0.929989 -0.000255494 0.367586 -0.000274728 1 0 -0.367586 -0.000100986 -0.929989 -32641 
CONVERGE
-607.624 0.319212 599.034 -0.979392 8.27869e-006 0.201969 8.45289e-006 1 0 -0.201969 1.70722e-006 -0.979392 0 
-637.403 0.319469 592.893 -0.958622 -7.08252e-005 0.284684 -7.38823e-005 1 0 -0.284684 -2.10331e-005 -0.958622 0 
-668.076 0.317105 583.784 -0.960171 0.000535763 0.279412 0.000557987 1 0 -0.279412 0.000155908 -0.960171 0 
-703.684 0.337798 573.422 -0.926763 0.00341823 0.375628 0.00368836 0.999986 0 -0.375628 0.00138545 -0.926763 0 
-737.384 0.471918 559.763 -0.927062 -0.00193695 0.374901 -0.00208934 0.999996 0 -0.374901 -0.000783296 -0.927062 0 
-773.502 0.390518 545.157 -0.967277 -0.000333412 0.253722 -0.000344691 1 0 -0.253722 -8.74557e-005 -0.967277 0 
-806.273 0.37884 536.561 -0.986308 -0.000563646 0.164913 -0.00057147 1 0 -0.164913 -9.42431e-005 -0.986308 0 
-838.551 0.360138 531.164 -0.998891 -0.000221044 -0.0470891 -0.000221289 1 0 0.0470891 1.04203e-005 -0.998891 0 
-874.613 0.352149 532.864 -0.935612 -0.00054066 -0.353029 -0.000577867 1 0 0.353029 0.000204004 -0.935612 0 
-911.515 0.329357 546.788 -0.953499 0.00290216 -0.301381 0.0030437 0.999991 0 0.301381 -0.000917312 -0.953499 0 
-940.609 0.422229 555.984 -0.966084 0.00124083 -0.258225 0.00128439 0.999999 0 0.258225 -0.000331662 -0.966084 0 
-975.279 0.468322 565.251 -0.98998 -0.0406069 -0.135117 -0.0410179 0.998318 0 0.135117 0.00554221 -0.98998 0 
-1009.51 -0.949974 569.923 -0.998686 0.000332253 -0.0512501 0.00033269 1 0 0.0512501 -1.70504e-005 -0.998686 0 
-1038.76 -0.94023 571.424 -0.997987 5.448e-005 -0.0634151 5.45899e-005 1 0 0.0634151 -3.46182e-006 -0.997987 0 
-1074.61 -0.938269 573.702 -0.999967 -0.0002708 0.00808296 -0.000270809 1 0 -0.00808296 -2.18894e-006 -0.999967 0 
-1103.19 -0.946009 573.471 -0.999851 0.000235618 -0.0172672 0.000235653 1 0 0.0172672 -4.06907e-006 -0.999851 0 
-1121.43 -0.94171 573.786 -0.999787 0.00105427 -0.0206126 0.00105449 0.999999 0 0.0206126 -2.17359e-005 -0.999787 0 
-1137.97 -0.924265 574.127 -0.999944 0.000683182 -0.0105541 0.00068322 0.999999 0 0.0105541 -7.21079e-006 -0.999944 0 
-1155.59 -0.912226 574.313 -0.999999 0.00152788 -0.000824287 0.00152788 0.999998 0 0.000824287 -1.25941e-006 -0.999999 0 
-1174.99 -0.882585 574.329 -0.999745 -0.00108244 -0.0225686 -0.00108271 0.999999 0 0.0225686 2.44354e-005 -0.999745 0 
-1190.45 -0.899328 574.678 -0.999999 -0.000363883 0.00118193 -0.000363884 1 0 -0.00118193 -4.30086e-007 -0.999999 0 
-1206.51 -0.905172 574.659 -0.999768 0.000982957 -0.0214983 0.000983185 0.999999 0 0.0214983 -2.11368e-005 -0.999768 0 
-1223.39 -0.888572 575.022 -0.999997 -1.82713e-005 0.00231741 -1.82713e-005 1 0 -0.00231741 -4.23422e-008 -0.999997 0 
-1238.06 -0.88884 574.988 -0.999921 -0.00100751 -0.0125516 -0.00100759 0.999999 0 0.0125516 1.26469e-005 -0.999921 0 
-1268.97 -0.919987 575.376 -0.942082 -0.000233211 -0.335382 -0.000247549 1 0 0.335382 8.30233e-005 -0.942082 0 
CONVERGE
-630.965 0.299658 606.158 -0.99974 0.000336629 0.0228177 0.000336717 1 0 -0.0228177 7.6831e-006 -0.99974 0 
-673.509 0.313987 605.187 -0.997542 -0.000311287 0.0700645 -0.000312054 1 0 -0.0700645 -2.18639e-005 -0.997542 0 
-709.459 0.302741 602.662 -0.999894 0.000216117 0.0145774 0.00021614 1 0 -0.0145774 3.15076e-006 -0.999894 0 
-768.447 0.315492 601.802 -0.999959 -9.31544e-005 0.0090146 -9.31581e-005 1 0 -0.0090146 -8.39784e-007 -0.999959 0 
-928.405 0.30059 600.36 -0.997539 -6.48245e-006 -0.0701137 -6.49845e-006 1 0 0.0701137 4.5563e-007 -0.997539 0 
-960.488 0.300381 602.615 -0.999894 0.00128003 -0.0145247 0.00128016 0.999998 0 0.0145247 -1.8594e-005 -0.999894 0 
-1004.48 0.356704 603.254 -0.99735 -0.000964022 0.0727437 -0.000966583 0.999999 0 -0.0727437 -7.03128e-005 -0.99735 0 
-1053.07 0.309613 599.71 -0.999972 0.00111499 -0.00740907 0.00111502 0.999999 0 0.00740907 -8.26126e-006 -0.999972 0 
-1096.12 0.357616 600.029 -0.998683 -0.05038 0.00937639 -0.0504465 0.997455 0 -0.00937639 -0.000473006 -0.998683 0 
-1122 -0.949661 599.786 -0.994923 0.000719684 -0.100634 0.000723357 0.999999 0 0.100634 -7.27946e-005 -0.994923 0 
-1140.3 -0.936356 601.637 -0.994443 0.000280373 0.105272 0.000281939 1 0 -0.105272 2.96804e-005 -0.994443 0 
-1151.4 -0.933209 600.462 -0.998983 0.00120147 -0.0450634 0.00120269 0.999999 0 0.0450634 -5.41973e-005 -0.998983 0 
-1163.66 -0.918449 601.015 -0.999988 -0.000917375 -0.00482463 -0.000917386 0.999999 0 0.00482463 4.42604e-006 -0.999988 0 
-1179.41 -0.932898 601.091 -0.999897 0.000502037 0.0143204 0.000502088 1 0 -0.0143204 7.19011e-006 -0.999897 0 
-1191.56 -0.926797 600.917 -0.999932 0.000857596 0.0116154 0.000857654 0.999999 0 -0.0116154 9.96196e-006 -0.999932 0 
-1204.47 -0.915724 600.767 -0.999997 0.0019841 -0.00143809 0.00198411 0.999996 0 0.00143809 -2.85332e-006 -0.999997 0 
-1219.07 -0.886756 600.788 -0.999935 -0.000629286 0.0114108 -0.000629327 1 0 -0.0114108 -7.18115e-006 -0.999935 0 
-1233.88 -0.896077 600.619 -0.999933 0.00189679 0.0114308 0.00189692 0.999996 0 -0.0114308 2.16833e-005 -0.999933 0 
-1255.84 -0.854418 600.368 -0.998923 -0.00319096 0.0462839 -0.0031944 0.99999 0 -0.0462839 -0.000147849 -0.998923 0 
-1283.81 -0.943862 599.072 -0.999872 0.00010603 -0.0160242 0.000106043 1 0 0.0160242 -1.69926e-006 -0.999872 0 
CONVERGE
-1337.97 -0.938118 599.94 -0.999985 0.00163356 0.00529874 0.00163358 0.999997 0 -0.00529874 8.65592e-006 -0.999985 -32641 
-1354.96 -0.910363 599.85 -0.999823 -0.0013269 0.0187524 -0.00132713 0.999998 0 -0.0187524 -2.4887e-005 -0.999823 -32641 
-1383.75 -0.948578 599.31 -0.994171 0.00106244 0.107806 0.00106867 0.999999 0 -0.107806 0.000115209 -0.994171 0 
-1403.66 -0.927176 597.151 -0.998293 -0.000119432 0.0584027 -0.000119636 1 0 -0.0584027 -6.98707e-006 -0.998293 -32641 
-1422.36 -0.929417 596.057 -0.996597 -0.000657929 0.0824208 -0.000660175 1 0 -0.0824208 -5.44122e-005 -0.996597 0 
-1453.29 -0.949906 593.499 -0.981013 -2.59764e-006 0.193943 -2.64792e-006 1 0 -0.193943 -5.13546e-007 -0.981013 0 
-1481.07 -0.949981 588.007 -0.963692 2.54493e-005 0.267016 2.64082e-005 1 0 -0.267016 7.0514e-006 -0.963692 -32641 
-1511.43 -0.949149 579.595 -0.913389 4.15168e-005 0.407088 4.54536e-005 1 0 -0.407088 1.85036e-005 -0.913389 0 
-1532.55 -0.948098 570.182 -0.809707 0.00130071 0.586832 0.0016064 0.999997 0 -0.586832 0.000942686 -0.809707 0 
-1549.28 -0.914907 558.057 -0.740793 -0.00120731 0.671732 -0.00162975 0.999997 0 -0.671732 -0.00109476 -0.740793 -32641 
-1565.23 -0.949997 543.594 -0.619606 0.000342155 0.784912 0.000552214 1 0 -0.784912 0.00043344 -0.619606 0 
-1577.67 -0.93891 527.835 -0.241511 -0.000107727 0.970398 -0.000446055 1 0 -0.970398 -0.000432851 -0.241511 0 
-1583.55 -0.94977 504.209 0.293918 -1.85951e-006 0.955831 6.32662e-006 1 -0 -0.955831 6.04718e-006 0.293918 -32641 
-1575.42 -0.949595 477.77 0.322586 -0.0225137 0.943964 0.0697913 0.995129 -0 -0.943964 0.0658804 0.322586 0 
-1569.55 0.320374 460.593 0.631487 0.000618786 0.775386 -0.000979887 0.999999 -0 -0.775386 -0.00075979 0.631487 -32641 
-1556.42 0.3 444.471 0.796052 -0.000114192 0.605228 0.000143448 1 -0 -0.605228 8.68186e-005 0.796052 0 
-1538.39 0.303249 430.763 0.791389 -6.05815e-005 0.611313 7.65508e-005 1 -0 -0.611313 4.67965e-005 0.791389 0 
-1510.87 0.305911 409.505 0.822277 0.000115608 0.569088 -0.000140595 1 -0 -0.569088 -8.00109e-005 0.822277 0 
-1482.06 0.300985 389.566 0.776048 -0.00600336 0.630626 0.00773581 0.99994 -0 -0.630626 0.0048784 0.776048 -32641 
-1454.15 0.579198 366.886 0.59561 0.00384927 0.803248 -0.00646273 0.999958 -0 -0.803248 -0.00519117 0.59561 -31233 
-1428.44 0.300228 332.213 0.400978 -0.000553132 0.916087 0.00137946 0.999998 -0 -0.916087 0.0012637 0.400978 0 
SPLIT
3 
-1416.55 0.341132 305.049 0.217574 -0.000673861 0.976039 0.00309716 0.999991 -0 -0.976039 0.00302295 0.217574 -32513 
-1410.04 0.433802 275.845 0.114804 0.000465186 0.99338 -0.00405199 0.999984 -0 -0.99338 -0.00402516 0.114804 0 
-1406.34 0.303209 243.829 0.0897336 0.00195171 0.995728 -0.02175 0.999527 -0 -0.995728 -0.0216571 0.0897336 -32513 
-1401.17 -0.949899 186.461 0.0237178 -7.47064e-008 0.999719 3.14981e-006 1 -0 -0.999719 3.14892e-006 0.0237178 0 
-1399.89 -0.949729 132.507 -0.0193069 -7.05302e-008 0.999814 -3.6531e-006 1 0 -0.999814 -3.65242e-006 -0.0193069 -32513 
-1400.91 -0.949922 79.6851 -0.0969544 0.00230133 0.995006 0.0237362 0.999437 0 -0.995006 0.0236177 -0.0969544 -32513 
-1412.22 1.81896 -36.3844 -0.0583091 -1.2004e-006 0.998299 -2.05869e-005 1 0 -0.998299 -2.05518e-005 -0.0583091 -32513 
-1416.61 1.81741 -111.545 -0.134061 -0.0142924 0.985222 -0.106612 0.988634 0 -0.985222 -0.105036 -0.134061 -32513 
-1429.33 -8.29814 -205.025 -0.372477 -0.0532941 0.916945 -0.14308 0.979528 0 -0.916945 -0.131197 -0.372477 -32513 
-1449.18 -15.9232 -253.891 -0.296618 -0.0430486 0.943904 -0.145132 0.978937 0 -0.943904 -0.13699 -0.296618 -32513 
-1460.54 -21.4815 -290.041 -0.399493 -0.0577848 0.905253 -0.144645 0.979078 0 -0.905253 -0.130941 -0.399493 -32513 
-1479.95 -28.5093 -334.024 -0.809159 -0.107638 0.572334 -0.133025 0.982304 0 -0.572334 -0.0761346 -0.809159 0 
-1507 -32.9563 -353.157 -0.774675 -0.111779 0.615677 -0.144291 0.97918 0 -0.615677 -0.0888369 -0.774675 0 
-1528.74 -37.0056 -370.435 -0.820439 -0.11505 0.554271 -0.14023 0.980336 0 -0.554271 -0.0777255 -0.820439 -32513 
-1558.92 -42.164 -390.824 -0.813142 -0.122079 0.56237 -0.150133 0.97746 0 -0.56237 -0.08443 -0.813142 0 
-1579.99 -46.0542 -405.396 -0.863204 -0.105628 0.4898 -0.122368 0.985026 0 -0.4898 -0.0599357 -0.863204 -32513 
CONVERGE
-1429.16 -0.949396 303.337 0.00157789 -2.16646e-007 0.999999 0.000137301 1 -0 -0.999999 0.000137301 0.00157789 0 
-1429.12 -0.945912 277.962 0.055609 7.96648e-006 0.998453 -0.000143259 1 -0 -0.998453 -0.000143037 0.055609 0 
-1428.19 -0.948308 261.263 -0.022688 -6.76863e-007 0.999743 -2.98335e-005 1 0 -0.999743 -2.98258e-005 -0.022688 0 
-1428.59 -0.948834 243.636 0.0571632 -1.57874e-006 0.998365 2.76182e-005 1 -0 -0.998365 2.75731e-005 0.0571632 0 
-1427.58 -0.948346 225.996 0.0178638 6.92702e-007 0.99984 -3.87769e-005 1 -0 -0.99984 -3.87707e-005 0.0178638 0 
-1427.24 -0.949084 206.968 0.0351978 -2.89781e-006 0.99938 8.23294e-005 1 -0 -0.99938 8.22784e-005 0.0351978 0 
-1426.37 -0.947049 182.266 -0.0279349 7.68173e-008 0.99961 2.74987e-006 1 0 -0.99961 2.7488e-006 -0.0279349 0 
-1427.01 -0.946986 159.364 0.034494 6.81774e-008 0.999405 -1.9765e-006 1 -0 -0.999405 -1.97533e-006 0.034494 0 
-1426.26 -0.947029 137.634 -0.0333222 1.98373e-007 0.999445 5.95318e-006 1 0 -0.999445 5.94988e-006 -0.0333222 0 
-1427.01 -0.946895 115.139 -0.012846 -1.12023e-006 0.999917 -8.72042e-005 1 0 -0.999917 -8.7197e-005 -0.012846 0 
-1427.32 -0.948999 91.0139 -0.0393356 3.67247e-005 0.999226 0.000933624 0.999999 0 -0.999226 0.000932901 -0.0393356 0 
-1428.34 -0.924789 65.1028 0.0406287 3.40696e-005 0.999174 -0.00083856 0.999999 -0 -0.999174 -0.000837867 0.0406287 0 
-1427.4 -0.944189 41.987 0.00718068 -3.84396e-006 0.999974 0.00053532 1 -0 -0.999974 0.000535307 0.00718068 0 
-1427.22 -0.930766 16.9129 0.00675427 3.7453e-006 0.999977 -0.000554508 1 -0 -0.999977 -0.000554495 0.00675427 0 
-1427 -0.948825 -15.654 0.000587686 -1.24817e-007 1 0.000212388 1 -0 -1 0.000212388 0.000587686 0 
-1426.98 -0.94159 -49.719 -0.0640332 -8.94958e-006 0.997948 -0.000139765 1 0 -0.997948 -0.000139478 -0.0640332 0 
-1428.71 -0.945366 -76.6805 -0.0842905 -5.44303e-006 0.996441 -6.45746e-005 1 0 -0.996441 -6.43448e-005 -0.0842905 0 
-1430.45 -0.946699 -97.2498 -0.0893349 -1.12127e-005 0.996002 -0.000125513 1 0 -0.996002 -0.000125011 -0.0893349 0 
-1432.64 -0.949776 -121.667 -0.104266 -0.00129012 0.994472 -0.0123733 0.999847 0 -0.994472 -0.0123049 -0.104266 0 
-1435.39 -1.27612 -147.896 -0.155461 -0.022707 0.976984 -0.146062 0.978666 0 -0.976984 -0.142701 -0.155461 0 
-1440.54 -6.1148 -180.261 -0.260397 -0.0391139 0.953746 -0.150209 0.977437 0 -0.953746 -0.143261 -0.260397 0 
-1446.96 -9.8181 -203.775 -0.276 -0.0438792 0.947918 -0.158983 0.974724 0 -0.947918 -0.150702 -0.276 0 
-1453.95 -13.8445 -227.782 -0.396295 -0.0601318 0.905498 -0.151735 0.976977 0 -0.905498 -0.137396 -0.396295 0 
-1467.15 -18.8986 -257.943 -0.45837 -0.0717398 0.874872 -0.156511 0.975505 0 -0.874872 -0.136927 -0.45837 0 
-1480.31 -23.3921 -283.061 -0.51642 -0.0836259 0.840885 -0.161934 0.973778 0 -0.840885 -0.136168 -0.51642 0 
-1493.71 -27.5939 -304.88 -0.579874 -0.0896186 0.799913 -0.154548 0.976115 0 -0.799913 -0.123625 -0.579874 0 
-1510.9 -32.1754 -328.593 -0.694833 -0.100726 0.704409 -0.144965 0.978985 0 -0.704409 -0.102115 -0.694833 0 
-1530.35 -36.2333 -348.311 -0.712002 -0.115776 0.68309 -0.162606 0.973559 0 -0.68309 -0.111075 -0.712002 0 
-1552.49 -41.2896 -369.552 -0.733404 -0.0842185 0.670024 -0.114832 0.986813 0 -0.670024 -0.0769404 -0.733404 0 
CONVERGE
-1409.84 -0.931348 313.533 0.51875 -0.000239716 0.854926 0.000462103 1 -0 -0.854926 0.000395063 0.51875 0 
-1404.95 -0.926992 305.474 0.390643 -0.0011234 0.920538 0.00287577 0.999992 -0 -0.920538 0.00264725 0.390643 0 
-1398.66 -0.880688 290.652 0.391332 0.00057563 0.920249 -0.00147095 0.999998 -0 -0.920249 -0.00135364 0.391332 0 
-1393.56 -0.899858 278.659 0.30131 0.000238235 0.953526 -0.000790664 0.999999 -0 -0.953526 -0.000753918 0.30131 0 
-1389.66 -0.910092 266.317 0.209601 -3.63761e-005 0.977787 0.000173549 1 -0 -0.977787 0.000169694 0.209601 0 
-1387.66 -0.908436 256.987 0.206079 -0.000577791 0.978531 0.00280373 0.999992 -0 -0.978531 0.00274354 0.206079 0 
-1382.72 -0.841226 233.53 0.190815 0.000493032 0.981623 -0.00258382 0.999993 -0 -0.981623 -0.00253634 0.190815 0 
-1378.16 -0.902972 210.072 0.138391 -0.000175464 0.990377 0.00126789 0.999998 -0 -0.990377 0.00125568 0.138391 0 
-1375.72 -0.880617 192.61 0.111835 -4.30721e-005 0.993727 0.000385141 1 -0 -0.993727 0.000382725 0.111835 0 
-1372.25 -0.868667 161.777 -0.0127815 -1.62086e-005 0.999918 -0.00126813 0.999999 0 -0.999918 -0.00126803 -0.0127815 0 
-1372.57 -0.900411 136.747 0.0229613 1.33313e-005 0.999736 -0.000580599 1 -0 -0.999736 -0.000580446 0.0229613 0 
-1371.97 -0.915582 110.624 -0.116571 2.884e-005 0.993182 0.000247404 1 0 -0.993182 0.000245717 -0.116571 0 
-1374.29 -0.910658 90.857 0.00381471 -1.39927e-006 0.999993 0.000366809 1 -0 -0.999993 0.000366806 0.00381471 0 
-1374.19 -0.901033 64.6173 -0.0365841 7.58329e-005 0.999328 0.00207284 0.999996 0 -0.999328 0.00207145 -0.0365841 0 
-1375.22 -0.842672 36.4811 0.014144 1.02651e-005 0.9999 -0.000725758 0.999999 -0 -0.9999 -0.000725685 0.014144 0 
-1374.87 -0.86063 11.7398 0.00163874 3.306e-006 0.999997 -0.0020174 0.999996 -0 -0.999997 -0.0020174 0.00163874 0 
-1374.83 -0.909921 -12.693 0.0152493 3.98026e-006 0.999884 -0.000261013 1 -0 -0.999884 -0.000260983 0.0152493 0 
-1374.46 -0.916254 -36.9533 -0.0665452 3.49605e-005 0.997783 0.000525365 1 0 -0.997783 0.000524201 -0.0665452 0 
-1375.84 -0.905359 -57.6452 -0.00524387 -3.37322e-006 0.999986 -0.000643269 1 0 -0.999986 -0.00064326 -0.00524387 0 
-1375.95 -0.918851 -78.619 -0.0780614 0.000152037 0.996947 0.00194765 0.999996 0 -0.996947 0.00194171 -0.0780614 0 
-1377.66 -0.876184 -100.459 -0.119868 9.6175e-005 0.992789 0.000802341 0.999999 0 -0.992789 0.000796555 -0.119868 0 
-1380.25 -0.858848 -121.91 -0.199085 0.000297573 0.979981 0.0014947 0.999998 0 -0.979981 0.00146478 -0.199085 0 
-1384.79 -0.824762 -144.258 -0.262327 -0.0300656 0.958149 -0.114611 0.986864 0 -0.958149 -0.109814 -0.262327 0 
-1392.03 -3.98792 -170.702 -0.270252 -0.0372252 0.952886 -0.137743 0.981027 0 -0.952886 -0.131253 -0.270252 0 
-1396.86 -6.44966 -187.732 -0.325643 -0.0407639 0.937169 -0.12518 0.98433 0 -0.937169 -0.117315 -0.325643 0 
-1406.09 -9.99774 -214.295 -0.346889 -0.0453869 0.928735 -0.13084 0.982881 0 -0.928735 -0.121516 -0.346889 0 
-1414.87 -13.3094 -237.802 -0.384965 -0.0572759 0.91086 -0.148782 0.977864 0 -0.91086 -0.13552 -0.384965 0 
-1425.1 -17.2631 -262.007 -0.532652 -0.0614113 0.838444 -0.115294 0.986707 0 -0.838444 -0.0966672 -0.532652 0 
-1439.31 -20.3389 -284.375 -0.551292 -0.0768749 0.822577 -0.139445 0.980555 0 -0.822577 -0.114704 -0.551292 0 
-1455.09 -24.3303 -307.92 -0.597687 -0.0969592 0.785146 -0.162224 0.973683 0 -0.785146 -0.12737 -0.597687 0 
-1469.38 -28.2089 -326.692 -0.65933 -0.0833171 0.741158 -0.126366 0.984032 0 -0.741158 -0.0936573 -0.65933 0 
-1482.28 -30.6813 -341.193 -0.735617 -0.107079 0.661574 -0.145563 0.978811 0 -0.661574 -0.0963009 -0.735617 0 
-1497.51 -33.695 -354.89 -0.757116 -0.0851845 0.643519 -0.112512 0.987341 0 -0.643519 -0.0724035 -0.757116 0 
-1509.34 -35.453 -364.945 -0.810535 -0.118657 0.5671 -0.146393 0.978569 0 -0.5671 -0.0830197 -0.810535 0 
-1524.31 -38.1568 -375.419 -0.73805 -0.119886 0.654902 -0.162436 0.973615 0 -0.654902 -0.10638 -0.73805 0 
-1536.79 -40.9035 -386.493 -0.831105 -0.100375 0.542843 -0.120773 0.985414 0 -0.542843 -0.0655608 -0.831105 0 
-1550.58 -42.9074 -395.5 -0.856263 -0.103443 0.502215 -0.120807 0.985406 0 -0.502215 -0.0606712 -0.856263 0 
-1564.38 -44.8544 -403.594 -0.917695 -0.101069 0.381716 -0.110133 0.987871 0 -0.381716 -0.0420397 -0.917695 0 
CONVERGE
-1610.96 -50.4445 -422.969 -0.822045 -0.0545839 0.565537 -0.0664 0.995591 0 -0.565537 -0.0375517 -0.822045 0 
-1640.79 -52.854 -443.491 -0.779253 -0.0549374 0.622731 -0.0705 0.99503 0 -0.622731 -0.0439026 -0.779253 -32513 
-1680.26 -56.4249 -475.033 -0.687413 -0.0397764 0.723958 -0.0578639 0.996652 0 -0.723958 -0.041891 -0.687413 0 
-1703.51 -58.382 -499.519 -0.603609 -0.0357312 0.79508 -0.0591959 0.996496 0 -0.79508 -0.0470655 -0.603609 -32513 
-1720.3 -60.0286 -521.635 -0.68911 -0.0129556 0.724412 -0.0188005 0.999647 0 -0.724412 -0.0136193 -0.68911 0 
-1740.72 -60.5857 -543.101 -0.47296 -0.0567744 0.872868 -0.120041 0.98559 0 -0.872868 -0.10478 -0.47296 -32513 
-1758.92 -65.205 -576.69 -0.382229 -0.0271946 0.921325 -0.0711473 0.994938 0 -0.921325 -0.0655498 -0.382229 0 
-1779.79 -69.0897 -626.995 -0.0946505 -0.00547216 0.99383 -0.0578144 0.996657 0 -0.99383 -0.0574577 -0.0946505 -32513 
-1781.94 -70.4029 -649.569 -0.0173878 -0.00134976 0.996831 -0.0776271 0.993974 0 -0.996831 -0.0773811 -0.0173878 0 
-1782.55 -73.1267 -684.546 0.140518 0.00823826 0.988341 -0.0586277 0.996563 -0 -0.988341 -0.0579442 0.140518 -32513 
-1777.35 -75.2963 -721.121 0.184447 0.0136892 0.980036 -0.0742172 0.994492 -0 -0.980036 -0.0727356 0.184447 0 
-1770.15 -78.1934 -759.377 0.311697 0.0254372 0.946671 -0.0816089 0.99334 -0 -0.946671 -0.0772567 0.311697 -32513 
-1760.65 -80.6807 -788.23 0.321432 0.0228893 0.944251 -0.0712102 0.994929 -0 -0.944251 -0.0672403 0.321432 0 
-1746.3 -83.8598 -830.385 0.520362 0.0385201 0.850731 -0.0740256 0.99452 -0 -0.850731 -0.0629759 0.520362 -32513 
-1714.77 -88.3452 -881.933 0.621944 0.0466323 0.779464 -0.0749782 0.994378 -0 -0.779464 -0.0584428 0.621944 -32513 
-1693.69 -90.8865 -908.352 0.689581 0.0509932 0.720424 -0.0739482 0.994532 -0 -0.720424 -0.053274 0.689581 0 
-1659.46 -94.5572 -944.113 0.764411 0.0538981 0.640862 -0.0705094 0.995028 -0 -0.640862 -0.0451868 0.764411 -32513 
-1628.97 -97.3696 -969.675 0.797957 0.0478001 0.59973 -0.0599031 0.996412 -0 -0.59973 -0.0359257 0.797957 0 
-1602.74 -99.3387 -989.389 0.812202 0.100112 0.570206 -0.12326 0.984807 -0 -0.570206 -0.0702836 0.812202 -32513 
-1574.45 -103.632 -1009.25 0.829093 0.0864077 0.549311 -0.10422 0.989138 -0 -0.549311 -0.057249 0.829093 0 
-1538.89 -108.102 -1032.81 0.739631 0.126338 0.650976 -0.170812 0.970823 -0 -0.650976 -0.111194 0.739631 -32513 
-1504.6 -116.021 -1062.99 0.728209 0.0613792 0.680153 -0.0842879 0.992895 -0 -0.680153 -0.0573287 0.728209 0 
-1475.96 -119.336 -1089.74 0.510237 0.0986959 0.837999 -0.193432 0.962584 -0 -0.837999 -0.162095 0.510237 -32513 
SPLIT
3 
-1458.4 -125.993 -1118.58 0.47125 0.0502653 0.875526 -0.106664 0.988623 -0 -0.875526 -0.093387 0.47125 0 
-1441.09 -129.911 -1150.74 0.190025 0.0324739 0.966792 -0.170893 0.970796 -0 -0.966792 -0.165218 0.190025 -32513 
-1432.42 -137.708 -1194.85 0.103738 0.0157028 0.983019 -0.151369 0.977087 -0 -0.983019 -0.148798 0.103738 -32513 
-1428.87 -142.888 -1228.49 0.118943 0.0161892 0.983528 -0.136108 0.981475 -0 -0.983528 -0.133866 0.118943 0 
-1426.23 -145.909 -1250.32 -0.0100224 -0.000826503 0.996544 -0.0824659 0.993199 0 -0.996544 -0.0821808 -0.0100224 0 
-1426.7 -149.776 -1297.05 -0.0587768 0.000245168 0.998262 0.00417117 0.999983 0 -0.998262 0.00416392 -0.0587768 -32513 
-1427.94 -149.688 -1318.11 -0.185617 0.00127233 0.982598 0.0068546 0.999953 0 -0.982598 0.00673532 -0.185617 0 
-1431.65 -149.551 -1337.75 -0.185798 -0.000697068 0.982581 -0.00375175 0.999986 0 -0.982581 -0.0036864 -0.185798 -32513 
-1438.93 -149.698 -1376.25 -0.144549 0.000123951 0.989497 0.000857498 0.999999 0 -0.989497 0.000848492 -0.144549 0 
-1443.65 -149.67 -1408.56 -0.21004 0.011735 0.976095 0.0558704 0.996878 0 -0.976095 0.0545348 -0.21004 0 
-1449.12 -148.215 -1433.98 -0.197434 -0.00738737 0.979602 -0.037417 0.9986 0 -0.979602 -0.0366537 -0.197434 -32513 
-1456.94 -149.697 -1472.78 -0.24812 0.0111495 0.967687 0.044936 0.997981 0 -0.967687 0.043484 -0.24812 0 
-1465.25 -148.192 -1505.19 -0.272587 -0.0113411 0.961231 -0.0416053 0.998269 0 -0.961231 -0.0399923 -0.272587 -32513 
-1475.13 -149.7 -1540.03 -0.267394 0.00676293 0.963255 0.025292 0.99936 0 -0.963255 0.0243626 -0.267394 0 
-1491.2 -148.18 -1597.92 -0.19638 -0.00929275 0.979385 -0.0473202 0.997761 0 -0.979385 -0.0463447 -0.19638 -32513 
-1497.45 -149.686 -1629.09 -0.225893 0.0120887 0.972681 0.0535151 0.997136 0 -0.972681 0.0520532 -0.225893 0 
-1503.79 -148.184 -1656.39 -0.17368 -0.00606155 0.984184 -0.0349007 0.998782 0 -0.984184 -0.0343487 -0.17368 -32513 
-1511.17 -149.667 -1698.21 -0.097629 -0.000140551 0.995222 -0.00143964 0.999998 0 -0.995222 -0.00143276 -0.097629 0 
-1513.34 -149.699 -1720.33 -0.0568348 -1.87346e-006 0.998384 -3.29633e-005 1 0 -0.998384 -3.291e-005 -0.0568348 -32513 
-1515.05 -149.7 -1750.37 -0.0502538 1.77128e-006 0.998736 3.52467e-005 1 0 -0.998736 3.52022e-005 -0.0502538 0 
-1517.9 -149.698 -1807.01 -0.0225716 0.000372887 0.999609 0.0165202 0.999727 0 -0.999609 0.0165137 -0.0225716 -32513 
CONVERGE
-1463.01 -129.538 -1138.4 -0.282758 0.07467 -0.956281 0.15625 0.987234 0.0308862 0.946379 -0.140686 -0.290815 0 
-1458.44 -133.04 -1160.12 -0.169052 0.080175 -0.982341 0.152288 0.986841 0.0543349 0.973771 -0.140414 -0.179037 0 
-1452.59 -136.531 -1183.01 -0.180288 0.0581451 -0.981894 0.155769 0.987342 0.0298665 0.971201 -0.147564 -0.187063 0 
-1448.9 -140.692 -1211.28 -0.10935 0.0342429 -0.993413 0.155435 0.987701 0.0169365 0.981775 -0.152559 -0.113328 0 
-1446.1 -145.772 -1242.1 -0.100957 0.0337268 -0.994319 0.160769 0.986843 0.0171497 0.981815 -0.158124 -0.105051 0 
-1443.03 -150.253 -1271.14 -0.0427925 0.000499696 -0.999084 0.158161 0.987393 -0.00628047 0.986486 -0.158285 -0.042332 0 
-1444.43 -151.006 -1313.4 0.0931237 0.000171775 -0.995654 0.0013426 0.999999 0.000298098 0.995654 -0.00136452 0.0931234 0 
-1447.12 -150.952 -1335.95 0.166689 1.80639e-005 -0.98601 3.66695e-005 1 2.45194e-005 0.98601 -4.02436e-005 0.166689 0 
-1450.76 -150.934 -1356.78 0.145468 0.000179248 -0.989363 -0.00121283 0.999999 2.85154e-006 0.989362 0.00119951 0.145468 0 
-1455.05 -150.937 -1386.06 0.174164 0.000113448 -0.984717 -0.000681686 1 -5.35935e-006 0.984717 0.000672201 0.174164 0 
-1460.01 -150.918 -1410.09 0.266857 0.000405137 -0.963736 -0.00180324 0.999998 -7.89358e-005 0.963734 0.00175892 0.266858 0 
-1465.48 -150.924 -1431.56 0.260917 0.000473072 -0.965361 -0.00171476 0.999999 2.65838e-005 0.96536 0.00164842 0.260917 0 
-1473.28 -150.928 -1458.15 0.192525 0.00032918 -0.981292 -0.00120286 0.999999 9.94608e-005 0.981291 0.0011612 0.192525 0 
-1479.12 -150.939 -1480.33 0.275261 0.000201046 -0.96137 -0.00079002 1 -1.70755e-005 0.961369 0.000764201 0.275261 0 
-1486.34 -150.945 -1505.95 0.195894 7.00682e-005 -0.980625 -0.000292321 1 1.30574e-005 0.980625 0.000284099 0.195894 0 
-1492.43 -150.915 -1531.98 0.294932 -8.97674e-005 -0.955518 -0.00139471 0.999999 -0.00052444 0.955517 0.00148734 0.294932 0 
-1498.91 -150.928 -1550.32 0.359231 0.000882965 -0.933248 -0.00293604 0.999996 -0.000184042 0.933244 0.00280617 0.359232 0 
-1503.53 -150.932 -1572.87 0.287203 0.000256378 -0.95787 -0.00167604 0.999999 -0.000234883 0.957868 0.00167289 0.287203 0 
-1514.92 -151.111 -1624.54 0.122261 0.000364609 -0.992498 -0.00138219 0.999999 0.0001971 0.992497 0.00134772 0.122261 0 
-1520.78 -150.896 -1650.89 0.321249 0.000105048 -0.946995 -0.000983611 0.999999 -0.000222742 0.946994 0.00100303 0.321249 0 
-1527.82 -150.947 -1676.04 0.109117 -1.52914e-005 -0.994029 -5.52222e-005 1 -2.14452e-005 0.994029 5.72325e-005 0.109117 0 
-1528.89 -150.95 -1691.47 0.0493192 -1.42637e-005 -0.998783 -4.80772e-006 1 -1.45185e-005 0.998783 5.51791e-006 0.0493192 0 
-1531.58 -150.923 -1709.13 0.0759592 0.000484138 -0.997111 -0.00418235 0.999991 0.000166928 0.997102 0.00415759 0.0759605 0 
-1531.38 -150.947 -1722.13 -0.0417979 4.61166e-005 -0.999126 -0.000159322 1 5.28221e-005 0.999126 0.00016139 -0.0417979 0 
-1531.22 -150.893 -1742.03 -0.0446862 -9.37299e-005 -0.999001 -0.00649917 0.999979 0.000196892 0.99898 0.00650148 -0.0446859 0 
-1530.13 -150.886 -1761.43 -0.00116894 -0.000352846 -0.999999 -0.00568849 0.999984 -0.000346191 0.999983 0.00568808 -0.00117093 0 
-1528.56 -150.837 -1784.19 -0.0883028 -0.000676422 -0.996093 -0.00962625 0.999954 0.000174315 0.996047 0.00960404 -0.0883052 0 
-1527.72 -150.878 -1808.74 0.00398016 -0.000266077 -0.999992 -0.0057347 0.999983 -0.0002889 0.999976 0.00573581 0.00397857 0 
-1526.84 -150.89 -1835.84 -0.0194843 -0.000116734 -0.99981 -0.00373236 0.999993 -4.40195e-005 0.999803 0.0037308 -0.0194846 0 
-1526.53 -150.896 -1861.56 -0.0039183 -0.000109445 -0.999992 -0.00362965 0.999993 -9.52228e-005 0.999986 0.00362925 -0.00391867 0 
-1526.31 -150.949 -1884.54 -0.000577689 -1.38996e-005 -1 -5.10371e-005 1 -1.38702e-005 1 5.10291e-005 -0.000577689 0 
CONVERGE
-1447.98 -126.829 -1106.57 -0.670715 0.0780417 -0.737598 0.124417 0.992197 -0.00815571 0.731205 -0.0972398 -0.675191 0 
-1433.07 -129.729 -1123.27 -0.529004 0.0734059 -0.845438 0.152811 0.988207 -0.00981446 0.834747 -0.134384 -0.533983 0 
-1423.96 -132.941 -1142.01 -0.394758 0.057532 -0.916982 0.131802 0.991261 0.00545186 0.909282 -0.118708 -0.398891 0 
-1417.46 -135.396 -1161.01 -0.2465 0.0554993 -0.967552 0.140829 0.989813 0.0208977 0.958856 -0.131108 -0.251805 0 
-1412.18 -138.42 -1183.24 -0.233603 0.0391108 -0.971545 0.11904 0.992825 0.0113449 0.965018 -0.113003 -0.236583 0 
-1407.83 -141.065 -1205.56 -0.138329 0.0329989 -0.989836 0.125112 0.99202 0.0155873 0.982452 -0.121684 -0.141354 0 
-1406.3 -144.733 -1228.27 0.018397 0.024779 -0.999524 0.149641 0.988365 0.0272566 0.988569 -0.150071 0.014475 0 
-1406.74 -147.909 -1254.13 -0.00444911 0.0154745 -0.99987 0.117237 0.992993 0.0148464 0.993094 -0.117155 -0.00623212 0 
-1409.1 -151.198 -1296.81 0.0643428 0.00222708 -0.997925 0.0120878 0.999922 0.00301091 0.997855 -0.0122564 0.0643109 0 
-1407.21 -150.96 -1313.99 -0.126506 -0.000513482 -0.991966 -0.00339152 0.999994 -8.51165e-005 0.99196 0.0033535 -0.126507 0 
-1407.12 -150.891 -1331.48 0.0601328 -1.44802e-005 -0.99819 -0.00646471 0.999979 -0.000403953 0.998169 0.0064773 0.0601315 0 
-1407.55 -150.915 -1352.82 0.0790884 0.000133781 -0.996868 -0.00213602 0.999998 -3.52649e-005 0.996865 0.00213212 0.0790886 0 
-1409.19 -150.898 -1371.15 0.0423363 0.000167178 -0.999103 -0.00413009 0.999991 -7.68341e-006 0.999095 0.00412672 0.0423366 0 
-1409.7 -150.823 -1392.77 0.0663986 0.000546841 -0.997793 -0.0100618 0.999949 -0.000121543 0.997743 0.0100476 0.0664008 0 
-1412.72 -150.877 -1412.72 0.1802 0.00072069 -0.98363 -0.00597326 0.999982 -0.000361626 0.983612 0.00594064 0.180201 0 
-1415.03 -150.853 -1437.22 0.115856 0.000915165 -0.993266 -0.00851566 0.999964 -7.19465e-005 0.99323 0.00846665 0.11586 0 
-1419.93 -150.837 -1459.09 0.275166 0.00228877 -0.961394 -0.0101944 0.999948 -0.000537239 0.961343 0.00994864 0.275175 0 
-1428.16 -150.927 -1484.07 0.299487 0.000193509 -0.9541 -0.00103618 0.999999 -0.000122433 0.9541 0.00102529 0.299487 0 
-1433.86 -150.938 -1505.69 0.289219 0.000268844 -0.957263 -0.000859912 1 2.10408e-005 0.957263 0.000817076 0.289219 0 
-1435.24 -150.848 -1529.51 0.732629 0.013196 -0.6805 -0.0181237 0.999836 -0.0001236 0.680387 0.0124237 0.732748 0 
-1442.33 -150.906 -1541.72 0.291578 0.004837 -0.956535 -0.0133237 0.999911 0.000994934 0.956454 0.0124544 0.291616 0 
-1450.06 -150.85 -1562.67 0.284673 0.00238438 -0.958622 -0.0078699 0.999969 0.000150172 0.958592 0.00750151 0.284683 0 
-1454.83 -150.923 -1594.12 0.372039 4.24508e-007 -0.928217 -0.00125943 0.999999 -0.000504335 0.928216 0.00135666 0.372038 0 
-1461.2 -150.9 -1609.29 0.318621 0.00162551 -0.947881 -0.00538295 0.999986 -9.45637e-005 0.947867 0.00513252 0.318626 0 
-1466.21 -150.913 -1635.4 0.273351 0.000410132 -0.961914 -0.00212 0.999998 -0.00017608 0.961912 0.00208739 0.273351 0 
-1471.66 -150.925 -1652.94 0.291313 0.00131206 -0.956627 -0.00456437 0.99999 -1.84129e-005 0.956617 0.00437176 0.291316 0 
-1474.88 -150.919 -1672.43 0.336328 0.00184671 -0.941743 -0.00656189 0.999978 -0.000382568 0.941722 0.00630828 0.336333 0 
-1481.23 -150.899 -1702.04 0.286434 0.00113984 -0.958099 -0.0048333 0.999988 -0.000255293 0.958088 0.00470391 0.286437 0 
-1486.24 -150.915 -1728.93 0.13857 0.00063127 -0.990352 -0.00435545 0.999991 2.79988e-005 0.990343 0.00430956 0.138571 0 
-1488.02 -150.911 -1745.87 -0.473852 -0.00176461 -0.880603 -0.00360739 0.999994 -6.27228e-005 0.880597 0.00314696 -0.473855 0 
-1495.05 -150.921 -1776.81 0.308986 -0.000224537 -0.951066 -0.00155245 0.999999 -0.000740454 0.951065 0.00170527 0.308985 0 
